620000     4360000     2000    3.63636
620000     4365000     2000    3.63636
620000     4370000     2000    3.63636
620000     4375000     2000    3.63636
620000     4380000     2000    3.63636
620000     4385000     2000    3.6364
620000     4390000     2000    3.63647
620000     4395000     2000    3.63641
620000     4400000     2000    3.63634
620000     4405000     2000    3.63646
620000     4410000     2000    3.63713
620000     4415000     2000    3.63711
620000     4420000     2000    3.63689
620000     4425000     2000    3.63644
620000     4430000     2000    3.63635
620000     4435000     2000    3.63636
620000     4440000     2000    3.63636
620000     4445000     2000    3.63636
620000     4450000     2000    3.63636
620000     4455000     2000    3.63636
620000     4460000     2000    3.63636
620000     4465000     2000    3.63636
620000     4470000     2000    3.63636
620000     4475000     2000    3.63636
620000     4480000     2000    3.63636
620000     4360000     1000    3.91108
620000     4365000     1000    3.91108
620000     4370000     1000    3.91108
620000     4375000     1000    3.91108
620000     4380000     1000    3.91114
620000     4385000     1000    3.91124
620000     4390000     1000    3.91077
620000     4395000     1000    3.91113
620000     4400000     1000    3.91151
620000     4405000     1000    3.91254
620000     4410000     1000    3.91115
620000     4415000     1000    3.90108
620000     4420000     1000    3.91028
620000     4425000     1000    3.91168
620000     4430000     1000    3.91122
620000     4435000     1000    3.91108
620000     4440000     1000    3.91107
620000     4445000     1000    3.91107
620000     4450000     1000    3.91108
620000     4455000     1000    3.91108
620000     4460000     1000    3.91108
620000     4465000     1000    3.91108
620000     4470000     1000    3.91108
620000     4475000     1000    3.91108
620000     4480000     1000    3.91108
620000     4360000     0    4.18579
620000     4365000     0    4.18579
620000     4370000     0    4.18579
620000     4375000     0    4.18582
620000     4380000     0    4.18595
620000     4385000     0    4.1857
620000     4390000     0    4.18225
620000     4395000     0    4.18469
620000     4400000     0    4.18668
620000     4405000     0    4.1886
620000     4410000     0    4.18462
620000     4415000     0    4.17146
620000     4420000     0    4.18294
620000     4425000     0    4.18685
620000     4430000     0    4.18614
620000     4435000     0    4.18581
620000     4440000     0    4.18578
620000     4445000     0    4.18579
620000     4450000     0    4.18579
620000     4455000     0    4.18579
620000     4460000     0    4.18579
620000     4465000     0    4.18579
620000     4470000     0    4.18579
620000     4475000     0    4.18579
620000     4480000     0    4.18579
620000     4360000     -1000    4.78436
620000     4365000     -1000    4.78436
620000     4370000     -1000    4.78436
620000     4375000     -1000    4.7844
620000     4380000     -1000    4.78463
620000     4385000     -1000    4.78433
620000     4390000     -1000    4.77888
620000     4395000     -1000    4.78211
620000     4400000     -1000    4.78573
620000     4405000     -1000    4.78849
620000     4410000     -1000    4.78433
620000     4415000     -1000    4.77128
620000     4420000     -1000    4.77664
620000     4425000     -1000    4.78561
620000     4430000     -1000    4.78503
620000     4435000     -1000    4.78442
620000     4440000     -1000    4.78434
620000     4445000     -1000    4.78435
620000     4450000     -1000    4.78435
620000     4455000     -1000    4.78435
620000     4460000     -1000    4.78435
620000     4465000     -1000    4.78436
620000     4470000     -1000    4.78436
620000     4475000     -1000    4.78436
620000     4480000     -1000    4.78436
620000     4360000     -2000    4.97628
620000     4365000     -2000    4.97628
620000     4370000     -2000    4.97628
620000     4375000     -2000    4.97632
620000     4380000     -2000    4.97656
620000     4385000     -2000    4.97655
620000     4390000     -2000    4.97232
620000     4395000     -2000    4.97398
620000     4400000     -2000    4.97757
620000     4405000     -2000    4.97994
620000     4410000     -2000    4.97697
620000     4415000     -2000    4.96839
620000     4420000     -2000    4.96155
620000     4425000     -2000    4.97702
620000     4430000     -2000    4.97725
620000     4435000     -2000    4.97641
620000     4440000     -2000    4.97626
620000     4445000     -2000    4.97626
620000     4450000     -2000    4.97627
620000     4455000     -2000    4.97627
620000     4460000     -2000    4.97628
620000     4465000     -2000    4.97628
620000     4470000     -2000    4.97628
620000     4475000     -2000    4.97628
620000     4480000     -2000    4.97628
620000     4360000     -3000    5.19104
620000     4365000     -3000    5.19104
620000     4370000     -3000    5.19104
620000     4375000     -3000    5.19106
620000     4380000     -3000    5.19127
620000     4385000     -3000    5.1915
620000     4390000     -3000    5.18893
620000     4395000     -3000    5.18863
620000     4400000     -3000    5.19121
620000     4405000     -3000    5.19469
620000     4410000     -3000    5.19191
620000     4415000     -3000    5.18825
620000     4420000     -3000    5.16586
620000     4425000     -3000    5.19089
620000     4430000     -3000    5.19269
620000     4435000     -3000    5.19135
620000     4440000     -3000    5.19101
620000     4445000     -3000    5.19102
620000     4450000     -3000    5.19103
620000     4455000     -3000    5.19104
620000     4460000     -3000    5.19104
620000     4465000     -3000    5.19104
620000     4470000     -3000    5.19104
620000     4475000     -3000    5.19104
620000     4480000     -3000    5.19104
620000     4360000     -4000    5.45218
620000     4365000     -4000    5.45218
620000     4370000     -4000    5.45218
620000     4375000     -4000    5.45218
620000     4380000     -4000    5.45233
620000     4385000     -4000    5.45273
620000     4390000     -4000    5.45181
620000     4395000     -4000    5.45141
620000     4400000     -4000    5.45485
620000     4405000     -4000    5.45561
620000     4410000     -4000    5.45249
620000     4415000     -4000    5.45203
620000     4420000     -4000    5.41753
620000     4425000     -4000    5.44854
620000     4430000     -4000    5.45476
620000     4435000     -4000    5.45301
620000     4440000     -4000    5.45224
620000     4445000     -4000    5.45216
620000     4450000     -4000    5.45215
620000     4455000     -4000    5.45216
620000     4460000     -4000    5.45218
620000     4465000     -4000    5.45218
620000     4470000     -4000    5.45218
620000     4475000     -4000    5.45218
620000     4480000     -4000    5.45218
620000     4360000     -5000    5.72914
620000     4365000     -5000    5.72914
620000     4370000     -5000    5.72913
620000     4375000     -5000    5.72913
620000     4380000     -5000    5.72923
620000     4385000     -5000    5.72972
620000     4390000     -5000    5.72988
620000     4395000     -5000    5.72939
620000     4400000     -5000    5.73042
620000     4405000     -5000    5.7282
620000     4410000     -5000    5.72922
620000     4415000     -5000    5.73076
620000     4420000     -5000    5.69548
620000     4425000     -5000    5.71515
620000     4430000     -5000    5.73168
620000     4435000     -5000    5.73128
620000     4440000     -5000    5.72978
620000     4445000     -5000    5.72932
620000     4450000     -5000    5.72914
620000     4455000     -5000    5.7291
620000     4460000     -5000    5.72913
620000     4465000     -5000    5.72914
620000     4470000     -5000    5.72914
620000     4475000     -5000    5.72914
620000     4480000     -5000    5.72914
620000     4360000     -6000    6.03822
620000     4365000     -6000    6.03822
620000     4370000     -6000    6.03821
620000     4375000     -6000    6.0382
620000     4380000     -6000    6.03828
620000     4385000     -6000    6.03876
620000     4390000     -6000    6.03918
620000     4395000     -6000    6.03837
620000     4400000     -6000    6.03523
620000     4405000     -6000    6.03474
620000     4410000     -6000    6.03871
620000     4415000     -6000    6.04056
620000     4420000     -6000    6.0149
620000     4425000     -6000    6.01126
620000     4430000     -6000    6.03618
620000     4435000     -6000    6.04153
620000     4440000     -6000    6.03999
620000     4445000     -6000    6.03896
620000     4450000     -6000    6.03839
620000     4455000     -6000    6.0382
620000     4460000     -6000    6.0382
620000     4465000     -6000    6.03821
620000     4470000     -6000    6.03822
620000     4475000     -6000    6.03822
620000     4480000     -6000    6.03822
620000     4360000     -7000    6.26067
620000     4365000     -7000    6.26067
620000     4370000     -7000    6.26067
620000     4375000     -7000    6.26065
620000     4380000     -7000    6.26071
620000     4385000     -7000    6.26108
620000     4390000     -7000    6.26141
620000     4395000     -7000    6.26082
620000     4400000     -7000    6.25975
620000     4405000     -7000    6.25973
620000     4410000     -7000    6.26111
620000     4415000     -7000    6.26244
620000     4420000     -7000    6.25023
620000     4425000     -7000    6.23226
620000     4430000     -7000    6.25599
620000     4435000     -7000    6.26197
620000     4440000     -7000    6.26191
620000     4445000     -7000    6.26161
620000     4450000     -7000    6.26097
620000     4455000     -7000    6.26069
620000     4460000     -7000    6.26066
620000     4465000     -7000    6.26067
620000     4470000     -7000    6.26067
620000     4475000     -7000    6.26067
620000     4480000     -7000    6.26067
620000     4360000     -8000    6.30726
620000     4365000     -8000    6.30726
620000     4370000     -8000    6.30726
620000     4375000     -8000    6.30724
620000     4380000     -8000    6.30726
620000     4385000     -8000    6.30749
620000     4390000     -8000    6.30779
620000     4395000     -8000    6.30753
620000     4400000     -8000    6.30713
620000     4405000     -8000    6.30719
620000     4410000     -8000    6.30806
620000     4415000     -8000    6.30975
620000     4420000     -8000    6.3065
620000     4425000     -8000    6.28504
620000     4430000     -8000    6.30111
620000     4435000     -8000    6.31131
620000     4440000     -8000    6.30971
620000     4445000     -8000    6.30786
620000     4450000     -8000    6.30731
620000     4455000     -8000    6.30723
620000     4460000     -8000    6.30725
620000     4465000     -8000    6.30726
620000     4470000     -8000    6.30726
620000     4475000     -8000    6.30726
620000     4480000     -8000    6.30726
620000     4360000     -9000    6.35385
620000     4365000     -9000    6.35385
620000     4370000     -9000    6.35385
620000     4375000     -9000    6.35384
620000     4380000     -9000    6.35383
620000     4385000     -9000    6.35391
620000     4390000     -9000    6.35414
620000     4395000     -9000    6.35419
620000     4400000     -9000    6.35405
620000     4405000     -9000    6.35414
620000     4410000     -9000    6.35453
620000     4415000     -9000    6.35597
620000     4420000     -9000    6.35668
620000     4425000     -9000    6.34258
620000     4430000     -9000    6.33992
620000     4435000     -9000    6.35521
620000     4440000     -9000    6.35599
620000     4445000     -9000    6.35436
620000     4450000     -9000    6.35387
620000     4455000     -9000    6.35382
620000     4460000     -9000    6.35384
620000     4465000     -9000    6.35385
620000     4470000     -9000    6.35385
620000     4475000     -9000    6.35385
620000     4480000     -9000    6.35385
620000     4360000     -10000    6.40044
620000     4365000     -10000    6.40044
620000     4370000     -10000    6.40044
620000     4375000     -10000    6.40043
620000     4380000     -10000    6.40042
620000     4385000     -10000    6.40043
620000     4390000     -10000    6.40053
620000     4395000     -10000    6.40058
620000     4400000     -10000    6.40051
620000     4405000     -10000    6.40051
620000     4410000     -10000    6.40065
620000     4415000     -10000    6.40153
620000     4420000     -10000    6.40297
620000     4425000     -10000    6.39718
620000     4430000     -10000    6.38817
620000     4435000     -10000    6.3968
620000     4440000     -10000    6.40246
620000     4445000     -10000    6.40147
620000     4450000     -10000    6.40064
620000     4455000     -10000    6.40043
620000     4460000     -10000    6.40043
620000     4465000     -10000    6.40044
620000     4470000     -10000    6.40044
620000     4475000     -10000    6.40044
620000     4480000     -10000    6.40044
620000     4360000     -11000    6.44703
620000     4365000     -11000    6.44703
620000     4370000     -11000    6.44703
620000     4375000     -11000    6.44703
620000     4380000     -11000    6.44702
620000     4385000     -11000    6.44702
620000     4390000     -11000    6.44705
620000     4395000     -11000    6.44708
620000     4400000     -11000    6.44702
620000     4405000     -11000    6.447
620000     4410000     -11000    6.44703
620000     4415000     -11000    6.44745
620000     4420000     -11000    6.44867
620000     4425000     -11000    6.44761
620000     4430000     -11000    6.43899
620000     4435000     -11000    6.4425
620000     4440000     -11000    6.44815
620000     4445000     -11000    6.44834
620000     4450000     -11000    6.44742
620000     4455000     -11000    6.44705
620000     4460000     -11000    6.44702
620000     4465000     -11000    6.44703
620000     4470000     -11000    6.44703
620000     4475000     -11000    6.44703
620000     4480000     -11000    6.44703
620000     4360000     -12000    6.49362
620000     4365000     -12000    6.49362
620000     4370000     -12000    6.49362
620000     4375000     -12000    6.49362
620000     4380000     -12000    6.49362
620000     4385000     -12000    6.49361
620000     4390000     -12000    6.49362
620000     4395000     -12000    6.49364
620000     4400000     -12000    6.4936
620000     4405000     -12000    6.49358
620000     4410000     -12000    6.49358
620000     4415000     -12000    6.49375
620000     4420000     -12000    6.49455
620000     4425000     -12000    6.49496
620000     4430000     -12000    6.48906
620000     4435000     -12000    6.49042
620000     4440000     -12000    6.49374
620000     4445000     -12000    6.49462
620000     4450000     -12000    6.49402
620000     4455000     -12000    6.49366
620000     4460000     -12000    6.49361
620000     4465000     -12000    6.49362
620000     4470000     -12000    6.49362
620000     4475000     -12000    6.49362
620000     4480000     -12000    6.49362
620000     4360000     -13000    6.54073
620000     4365000     -13000    6.54073
620000     4370000     -13000    6.54073
620000     4375000     -13000    6.54073
620000     4380000     -13000    6.54073
620000     4385000     -13000    6.54073
620000     4390000     -13000    6.54072
620000     4395000     -13000    6.54074
620000     4400000     -13000    6.54072
620000     4405000     -13000    6.54071
620000     4410000     -13000    6.5407
620000     4415000     -13000    6.54077
620000     4420000     -13000    6.54123
620000     4425000     -13000    6.54187
620000     4430000     -13000    6.53962
620000     4435000     -13000    6.53599
620000     4440000     -13000    6.5416
620000     4445000     -13000    6.5416
620000     4450000     -13000    6.54098
620000     4455000     -13000    6.54074
620000     4460000     -13000    6.54072
620000     4465000     -13000    6.54073
620000     4470000     -13000    6.54073
620000     4475000     -13000    6.54073
620000     4480000     -13000    6.54073
620000     4360000     -14000    6.58811
620000     4365000     -14000    6.58811
620000     4370000     -14000    6.58811
620000     4375000     -14000    6.58811
620000     4380000     -14000    6.58811
620000     4385000     -14000    6.58811
620000     4390000     -14000    6.58811
620000     4395000     -14000    6.58811
620000     4400000     -14000    6.58811
620000     4405000     -14000    6.5881
620000     4410000     -14000    6.5881
620000     4415000     -14000    6.58813
620000     4420000     -14000    6.58837
620000     4425000     -14000    6.58895
620000     4430000     -14000    6.5888
620000     4435000     -14000    6.58419
620000     4440000     -14000    6.58656
620000     4445000     -14000    6.58849
620000     4450000     -14000    6.58834
620000     4455000     -14000    6.58814
620000     4460000     -14000    6.58811
620000     4465000     -14000    6.58811
620000     4470000     -14000    6.58811
620000     4475000     -14000    6.58811
620000     4480000     -14000    6.58811
620000     4360000     -15000    6.6355
620000     4365000     -15000    6.6355
620000     4370000     -15000    6.6355
620000     4375000     -15000    6.6355
620000     4380000     -15000    6.6355
620000     4385000     -15000    6.6355
620000     4390000     -15000    6.6355
620000     4395000     -15000    6.6355
620000     4400000     -15000    6.63549
620000     4405000     -15000    6.63549
620000     4410000     -15000    6.63548
620000     4415000     -15000    6.63549
620000     4420000     -15000    6.63559
620000     4425000     -15000    6.63593
620000     4430000     -15000    6.63635
620000     4435000     -15000    6.63494
620000     4440000     -15000    6.63414
620000     4445000     -15000    6.63578
620000     4450000     -15000    6.6357
620000     4455000     -15000    6.63552
620000     4460000     -15000    6.63549
620000     4465000     -15000    6.63549
620000     4470000     -15000    6.6355
620000     4475000     -15000    6.6355
620000     4480000     -15000    6.6355
620000     4360000     -16000    6.68288
620000     4365000     -16000    6.68288
620000     4370000     -16000    6.68288
620000     4375000     -16000    6.68288
620000     4380000     -16000    6.68288
620000     4385000     -16000    6.68288
620000     4390000     -16000    6.68288
620000     4395000     -16000    6.68288
620000     4400000     -16000    6.68288
620000     4405000     -16000    6.68288
620000     4410000     -16000    6.68287
620000     4415000     -16000    6.68286
620000     4420000     -16000    6.68289
620000     4425000     -16000    6.68301
620000     4430000     -16000    6.68331
620000     4435000     -16000    6.68333
620000     4440000     -16000    6.6829
620000     4445000     -16000    6.68324
620000     4450000     -16000    6.683
620000     4455000     -16000    6.68288
620000     4460000     -16000    6.68287
620000     4465000     -16000    6.68288
620000     4470000     -16000    6.68288
620000     4475000     -16000    6.68288
620000     4480000     -16000    6.68288
620000     4360000     -17000    6.73026
620000     4365000     -17000    6.73026
620000     4370000     -17000    6.73026
620000     4375000     -17000    6.73026
620000     4380000     -17000    6.73026
620000     4385000     -17000    6.73026
620000     4390000     -17000    6.73026
620000     4395000     -17000    6.73026
620000     4400000     -17000    6.73026
620000     4405000     -17000    6.73026
620000     4410000     -17000    6.73026
620000     4415000     -17000    6.73025
620000     4420000     -17000    6.73025
620000     4425000     -17000    6.73027
620000     4430000     -17000    6.73035
620000     4435000     -17000    6.73048
620000     4440000     -17000    6.73049
620000     4445000     -17000    6.73041
620000     4450000     -17000    6.73028
620000     4455000     -17000    6.73025
620000     4460000     -17000    6.73026
620000     4465000     -17000    6.73026
620000     4470000     -17000    6.73026
620000     4475000     -17000    6.73026
620000     4480000     -17000    6.73026
620000     4360000     -18000    6.77764
620000     4365000     -18000    6.77764
620000     4370000     -18000    6.77764
620000     4375000     -18000    6.77764
620000     4380000     -18000    6.77764
620000     4385000     -18000    6.77764
620000     4390000     -18000    6.77764
620000     4395000     -18000    6.77764
620000     4400000     -18000    6.77764
620000     4405000     -18000    6.77764
620000     4410000     -18000    6.77764
620000     4415000     -18000    6.77764
620000     4420000     -18000    6.77763
620000     4425000     -18000    6.77763
620000     4430000     -18000    6.77764
620000     4435000     -18000    6.77767
620000     4440000     -18000    6.7777
620000     4445000     -18000    6.77766
620000     4450000     -18000    6.77763
620000     4455000     -18000    6.77764
620000     4460000     -18000    6.77764
620000     4465000     -18000    6.77764
620000     4470000     -18000    6.77764
620000     4475000     -18000    6.77764
620000     4480000     -18000    6.77764
620000     4360000     -19000    6.8309
620000     4365000     -19000    6.8309
620000     4370000     -19000    6.8309
620000     4375000     -19000    6.8309
620000     4380000     -19000    6.8309
620000     4385000     -19000    6.8309
620000     4390000     -19000    6.8309
620000     4395000     -19000    6.8309
620000     4400000     -19000    6.8309
620000     4405000     -19000    6.8309
620000     4410000     -19000    6.8309
620000     4415000     -19000    6.8309
620000     4420000     -19000    6.8309
620000     4425000     -19000    6.8309
620000     4430000     -19000    6.83089
620000     4435000     -19000    6.83089
620000     4440000     -19000    6.8309
620000     4445000     -19000    6.8309
620000     4450000     -19000    6.8309
620000     4455000     -19000    6.8309
620000     4460000     -19000    6.8309
620000     4465000     -19000    6.8309
620000     4470000     -19000    6.8309
620000     4475000     -19000    6.8309
620000     4480000     -19000    6.8309
620000     4360000     -20000    6.88719
620000     4365000     -20000    6.88719
620000     4370000     -20000    6.88719
620000     4375000     -20000    6.88719
620000     4380000     -20000    6.88719
620000     4385000     -20000    6.88719
620000     4390000     -20000    6.88719
620000     4395000     -20000    6.88719
620000     4400000     -20000    6.88719
620000     4405000     -20000    6.88719
620000     4410000     -20000    6.88719
620000     4415000     -20000    6.88719
620000     4420000     -20000    6.88719
620000     4425000     -20000    6.88719
620000     4430000     -20000    6.88719
620000     4435000     -20000    6.88718
620000     4440000     -20000    6.88718
620000     4445000     -20000    6.88718
620000     4450000     -20000    6.88719
620000     4455000     -20000    6.88719
620000     4460000     -20000    6.88719
620000     4465000     -20000    6.88719
620000     4470000     -20000    6.88719
620000     4475000     -20000    6.88719
620000     4480000     -20000    6.88719
620000     4360000     -21000    6.94347
620000     4365000     -21000    6.94347
620000     4370000     -21000    6.94347
620000     4375000     -21000    6.94347
620000     4380000     -21000    6.94347
620000     4385000     -21000    6.94347
620000     4390000     -21000    6.94347
620000     4395000     -21000    6.94347
620000     4400000     -21000    6.94347
620000     4405000     -21000    6.94347
620000     4410000     -21000    6.94347
620000     4415000     -21000    6.94347
620000     4420000     -21000    6.94347
620000     4425000     -21000    6.94347
620000     4430000     -21000    6.94347
620000     4435000     -21000    6.94347
620000     4440000     -21000    6.94347
620000     4445000     -21000    6.94347
620000     4450000     -21000    6.94347
620000     4455000     -21000    6.94347
620000     4460000     -21000    6.94347
620000     4465000     -21000    6.94347
620000     4470000     -21000    6.94347
620000     4475000     -21000    6.94347
620000     4480000     -21000    6.94347
620000     4360000     -22000    6.99976
620000     4365000     -22000    6.99976
620000     4370000     -22000    6.99976
620000     4375000     -22000    6.99976
620000     4380000     -22000    6.99976
620000     4385000     -22000    6.99976
620000     4390000     -22000    6.99976
620000     4395000     -22000    6.99976
620000     4400000     -22000    6.99976
620000     4405000     -22000    6.99976
620000     4410000     -22000    6.99976
620000     4415000     -22000    6.99976
620000     4420000     -22000    6.99976
620000     4425000     -22000    6.99976
620000     4430000     -22000    6.99976
620000     4435000     -22000    6.99976
620000     4440000     -22000    6.99976
620000     4445000     -22000    6.99976
620000     4450000     -22000    6.99976
620000     4455000     -22000    6.99976
620000     4460000     -22000    6.99976
620000     4465000     -22000    6.99976
620000     4470000     -22000    6.99976
620000     4475000     -22000    6.99976
620000     4480000     -22000    6.99976
620000     4360000     -23000    7.05604
620000     4365000     -23000    7.05604
620000     4370000     -23000    7.05604
620000     4375000     -23000    7.05604
620000     4380000     -23000    7.05604
620000     4385000     -23000    7.05604
620000     4390000     -23000    7.05604
620000     4395000     -23000    7.05604
620000     4400000     -23000    7.05604
620000     4405000     -23000    7.05604
620000     4410000     -23000    7.05604
620000     4415000     -23000    7.05604
620000     4420000     -23000    7.05604
620000     4425000     -23000    7.05604
620000     4430000     -23000    7.05604
620000     4435000     -23000    7.05604
620000     4440000     -23000    7.05604
620000     4445000     -23000    7.05604
620000     4450000     -23000    7.05604
620000     4455000     -23000    7.05604
620000     4460000     -23000    7.05604
620000     4465000     -23000    7.05604
620000     4470000     -23000    7.05604
620000     4475000     -23000    7.05604
620000     4480000     -23000    7.05604
620000     4360000     -24000    7.11233
620000     4365000     -24000    7.11233
620000     4370000     -24000    7.11233
620000     4375000     -24000    7.11233
620000     4380000     -24000    7.11233
620000     4385000     -24000    7.11233
620000     4390000     -24000    7.11233
620000     4395000     -24000    7.11233
620000     4400000     -24000    7.11233
620000     4405000     -24000    7.11233
620000     4410000     -24000    7.11233
620000     4415000     -24000    7.11233
620000     4420000     -24000    7.11233
620000     4425000     -24000    7.11233
620000     4430000     -24000    7.11233
620000     4435000     -24000    7.11233
620000     4440000     -24000    7.11233
620000     4445000     -24000    7.11233
620000     4450000     -24000    7.11233
620000     4455000     -24000    7.11233
620000     4460000     -24000    7.11233
620000     4465000     -24000    7.11233
620000     4470000     -24000    7.11233
620000     4475000     -24000    7.11233
620000     4480000     -24000    7.11233
