540000     4360000     2000    3.63636
540000     4360000     1000    3.91108
540000     4360000     0    	4.18579
540000     4360000     -1000    4.78436
540000     4360000     -2000    4.97628
540000     4360000     -3000    5.19104
540000     4360000     -4000    5.45218
540000     4360000     -5000    5.72914
540000     4360000     -6000    6.03822
540000     4360000     -7000    6.26067
540000     4360000     -8000    6.30726
540000     4360000     -9000    6.35385
540000     4360000     -10000    6.40044
540000     4360000     -11000    6.44703
540000     4360000     -12000    6.49362
540000     4360000     -13000    6.54073
540000     4360000     -14000    6.58811
540000     4360000     -15000    6.6355
540000     4360000     -16000    6.68288
540000     4360000     -17000    6.73026
540000     4360000     -18000    6.77764
540000     4360000     -19000    6.8309
540000     4360000     -20000    6.88719
540000     4360000     -21000    6.94347
540000     4360000     -22000    6.99976
540000     4360000     -23000    7.05604
540000     4360000     -24000    7.11233
540000     4365000     2000    3.63636
540000     4365000     1000    3.91108
540000     4365000     0    	4.18579
540000     4365000     -1000    4.78436
540000     4365000     -2000    4.97628
540000     4365000     -3000    5.19104
540000     4365000     -4000    5.45218
540000     4365000     -5000    5.72914
540000     4365000     -6000    6.03822
540000     4365000     -7000    6.26067
540000     4365000     -8000    6.30726
540000     4365000     -9000    6.35385
540000     4365000     -10000    6.40044
540000     4365000     -11000    6.44703
540000     4365000     -12000    6.49362
540000     4365000     -13000    6.54073
540000     4365000     -14000    6.58811
540000     4365000     -15000    6.6355
540000     4365000     -16000    6.68288
540000     4365000     -17000    6.73026
540000     4365000     -18000    6.77764
540000     4365000     -19000    6.8309
540000     4365000     -20000    6.88719
540000     4365000     -21000    6.94347
540000     4365000     -22000    6.99976
540000     4365000     -23000    7.05604
540000     4365000     -24000    7.11233
540000     4370000     2000    3.63636
540000     4370000     1000    3.91108
540000     4370000     0    	4.18579
540000     4370000     -1000    4.78436
540000     4370000     -2000    4.97628
540000     4370000     -3000    5.19104
540000     4370000     -4000    5.45218
540000     4370000     -5000    5.72914
540000     4370000     -6000    6.03822
540000     4370000     -7000    6.26067
540000     4370000     -8000    6.30726
540000     4370000     -9000    6.35385
540000     4370000     -10000    6.40044
540000     4370000     -11000    6.44703
540000     4370000     -12000    6.49362
540000     4370000     -13000    6.54073
540000     4370000     -14000    6.58811
540000     4370000     -15000    6.6355
540000     4370000     -16000    6.68288
540000     4370000     -17000    6.73026
540000     4370000     -18000    6.77764
540000     4370000     -19000    6.8309
540000     4370000     -20000    6.88719
540000     4370000     -21000    6.94347
540000     4370000     -22000    6.99976
540000     4370000     -23000    7.05604
540000     4370000     -24000    7.11233
540000     4375000     2000    3.63636
540000     4375000     1000    3.91108
540000     4375000     0    	4.18579
540000     4375000     -1000    4.78436
540000     4375000     -2000    4.97628
540000     4375000     -3000    5.19104
540000     4375000     -4000    5.45218
540000     4375000     -5000    5.72914
540000     4375000     -6000    6.03822
540000     4375000     -7000    6.26067
540000     4375000     -8000    6.30726
540000     4375000     -9000    6.35385
540000     4375000     -10000    6.40044
540000     4375000     -11000    6.44703
540000     4375000     -12000    6.49362
540000     4375000     -13000    6.54073
540000     4375000     -14000    6.58811
540000     4375000     -15000    6.6355
540000     4375000     -16000    6.68288
540000     4375000     -17000    6.73026
540000     4375000     -18000    6.77764
540000     4375000     -19000    6.8309
540000     4375000     -20000    6.88719
540000     4375000     -21000    6.94347
540000     4375000     -22000    6.99976
540000     4375000     -23000    7.05604
540000     4375000     -24000    7.11233
540000     4380000     2000    3.63636
540000     4380000     1000    3.91108
540000     4380000     0    	4.18579
540000     4380000     -1000    4.78436
540000     4380000     -2000    4.97628
540000     4380000     -3000    5.19104
540000     4380000     -4000    5.45218
540000     4380000     -5000    5.72914
540000     4380000     -6000    6.03822
540000     4380000     -7000    6.26067
540000     4380000     -8000    6.30726
540000     4380000     -9000    6.35385
540000     4380000     -10000    6.40044
540000     4380000     -11000    6.44703
540000     4380000     -12000    6.49362
540000     4380000     -13000    6.54073
540000     4380000     -14000    6.58811
540000     4380000     -15000    6.6355
540000     4380000     -16000    6.68288
540000     4380000     -17000    6.73026
540000     4380000     -18000    6.77764
540000     4380000     -19000    6.8309
540000     4380000     -20000    6.88719
540000     4380000     -21000    6.94347
540000     4380000     -22000    6.99976
540000     4380000     -23000    7.05604
540000     4380000     -24000    7.11233
540000     4385000     2000    3.63636
540000     4385000     1000    3.91108
540000     4385000     0    	4.18579
540000     4385000     -1000    4.78436
540000     4385000     -2000    4.97628
540000     4385000     -3000    5.19104
540000     4385000     -4000    5.45218
540000     4385000     -5000    5.72914
540000     4385000     -6000    6.03822
540000     4385000     -7000    6.26067
540000     4385000     -8000    6.30726
540000     4385000     -9000    6.35385
540000     4385000     -10000    6.40044
540000     4385000     -11000    6.44703
540000     4385000     -12000    6.49362
540000     4385000     -13000    6.54073
540000     4385000     -14000    6.58811
540000     4385000     -15000    6.6355
540000     4385000     -16000    6.68288
540000     4385000     -17000    6.73026
540000     4385000     -18000    6.77764
540000     4385000     -19000    6.8309
540000     4385000     -20000    6.88719
540000     4385000     -21000    6.94347
540000     4385000     -22000    6.99976
540000     4385000     -23000    7.05604
540000     4385000     -24000    7.11233
540000     4390000     2000    3.63636
540000     4390000     1000    3.91108
540000     4390000     0    	4.18579
540000     4390000     -1000    4.78436
540000     4390000     -2000    4.97628
540000     4390000     -3000    5.19104
540000     4390000     -4000    5.45218
540000     4390000     -5000    5.72914
540000     4390000     -6000    6.03822
540000     4390000     -7000    6.26067
540000     4390000     -8000    6.30726
540000     4390000     -9000    6.35385
540000     4390000     -10000    6.40044
540000     4390000     -11000    6.44703
540000     4390000     -12000    6.49362
540000     4390000     -13000    6.54073
540000     4390000     -14000    6.58811
540000     4390000     -15000    6.6355
540000     4390000     -16000    6.68288
540000     4390000     -17000    6.73026
540000     4390000     -18000    6.77764
540000     4390000     -19000    6.8309
540000     4390000     -20000    6.88719
540000     4390000     -21000    6.94347
540000     4390000     -22000    6.99976
540000     4390000     -23000    7.05604
540000     4390000     -24000    7.11233
540000     4395000     2000    3.63636
540000     4395000     1000    3.91108
540000     4395000     0    	4.18579
540000     4395000     -1000    4.78436
540000     4395000     -2000    4.97628
540000     4395000     -3000    5.19104
540000     4395000     -4000    5.45218
540000     4395000     -5000    5.72914
540000     4395000     -6000    6.03822
540000     4395000     -7000    6.26067
540000     4395000     -8000    6.30726
540000     4395000     -9000    6.35385
540000     4395000     -10000    6.40044
540000     4395000     -11000    6.44703
540000     4395000     -12000    6.49362
540000     4395000     -13000    6.54073
540000     4395000     -14000    6.58811
540000     4395000     -15000    6.6355
540000     4395000     -16000    6.68288
540000     4395000     -17000    6.73026
540000     4395000     -18000    6.77764
540000     4395000     -19000    6.8309
540000     4395000     -20000    6.88719
540000     4395000     -21000    6.94347
540000     4395000     -22000    6.99976
540000     4395000     -23000    7.05604
540000     4395000     -24000    7.11233
540000     4400000     2000    3.63636
540000     4400000     1000    3.91108
540000     4400000     0   	 4.18579
540000     4400000     -1000    4.78436
540000     4400000     -2000    4.97628
540000     4400000     -3000    5.19104
540000     4400000     -4000    5.45218
540000     4400000     -5000    5.72914
540000     4400000     -6000    6.03822
540000     4400000     -7000    6.26067
540000     4400000     -8000    6.30726
540000     4400000     -9000    6.35385
540000     4400000     -10000    6.40044
540000     4400000     -11000    6.44703
540000     4400000     -12000    6.49362
540000     4400000     -13000    6.54073
540000     4400000     -14000    6.58811
540000     4400000     -15000    6.6355
540000     4400000     -16000    6.68288
540000     4400000     -17000    6.73026
540000     4400000     -18000    6.77764
540000     4400000     -19000    6.8309
540000     4400000     -20000    6.88719
540000     4400000     -21000    6.94347
540000     4400000     -22000    6.99976
540000     4400000     -23000    7.05604
540000     4400000     -24000    7.11233
540000     4405000     2000    3.63636
540000     4405000     1000    3.91108
540000     4405000     0   	 4.18579
540000     4405000     -1000    4.78436
540000     4405000     -2000    4.97628
540000     4405000     -3000    5.19104
540000     4405000     -4000    5.45218
540000     4405000     -5000    5.72914
540000     4405000     -6000    6.03822
540000     4405000     -7000    6.26067
540000     4405000     -8000    6.30727
540000     4405000     -9000    6.35385
540000     4405000     -10000    6.40044
540000     4405000     -11000    6.44703
540000     4405000     -12000    6.49362
540000     4405000     -13000    6.54073
540000     4405000     -14000    6.58811
540000     4405000     -15000    6.6355
540000     4405000     -16000    6.68288
540000     4405000     -17000    6.73026
540000     4405000     -18000    6.77764
540000     4405000     -19000    6.8309
540000     4405000     -20000    6.88719
540000     4405000     -21000    6.94347
540000     4405000     -22000    6.99976
540000     4405000     -23000    7.05604
540000     4405000     -24000    7.11233
540000     4410000     2000    3.63636
540000     4410000     1000    3.91108
540000     4410000     0    	4.18579
540000     4410000     -1000    4.78436
540000     4410000     -2000    4.97628
540000     4410000     -3000    5.19104
540000     4410000     -4000    5.45218
540000     4410000     -5000    5.72914
540000     4410000     -6000    6.03822
540000     4410000     -7000    6.26068
540000     4410000     -8000    6.30727
540000     4410000     -9000    6.35386
540000     4410000     -10000    6.40044
540000     4410000     -11000    6.44703
540000     4410000     -12000    6.49362
540000     4410000     -13000    6.54073
540000     4410000     -14000    6.58811
540000     4410000     -15000    6.63549
540000     4410000     -16000    6.68287
540000     4410000     -17000    6.73025
540000     4410000     -18000    6.77763
540000     4410000     -19000    6.8309
540000     4410000     -20000    6.88719
540000     4410000     -21000    6.94347
540000     4410000     -22000    6.99976
540000     4410000     -23000    7.05604
540000     4410000     -24000    7.11233
540000     4415000     2000    3.63636
540000     4415000     1000    3.91108
540000     4415000     0    	4.18579
540000     4415000     -1000    4.78436
540000     4415000     -2000    4.97628
540000     4415000     -3000    5.19104
540000     4415000     -4000    5.45218
540000     4415000     -5000    5.72914
540000     4415000     -6000    6.03823
540000     4415000     -7000    6.26069
540000     4415000     -8000    6.30727
540000     4415000     -9000    6.35386
540000     4415000     -10000    6.40044
540000     4415000     -11000    6.44702
540000     4415000     -12000    6.49361
540000     4415000     -13000    6.54072
540000     4415000     -14000    6.5881
540000     4415000     -15000    6.63548
540000     4415000     -16000    6.68287
540000     4415000     -17000    6.73025
540000     4415000     -18000    6.77763
540000     4415000     -19000    6.8309
540000     4415000     -20000    6.88719
540000     4415000     -21000    6.94347
540000     4415000     -22000    6.99976
540000     4415000     -23000    7.05604
540000     4415000     -24000    7.11233
540000     4420000     2000    3.63636
540000     4420000     1000    3.91108
540000     4420000     0    	4.18579
540000     4420000     -1000    4.78435
540000     4420000     -2000    4.97627
540000     4420000     -3000    5.19104
540000     4420000     -4000    5.45218
540000     4420000     -5000    5.72914
540000     4420000     -6000    6.03822
540000     4420000     -7000    6.26063
540000     4420000     -8000    6.30724
540000     4420000     -9000    6.35386
540000     4420000     -10000    6.40044
540000     4420000     -11000    6.44703
540000     4420000     -12000    6.49363
540000     4420000     -13000    6.54075
540000     4420000     -14000    6.58812
540000     4420000     -15000    6.6355
540000     4420000     -16000    6.68288
540000     4420000     -17000    6.73025
540000     4420000     -18000    6.77763
540000     4420000     -19000    6.8309
540000     4420000     -20000    6.88719
540000     4420000     -21000    6.94347
540000     4420000     -22000    6.99976
540000     4420000     -23000    7.05604
540000     4420000     -24000    7.11233
540000     4425000     2000    3.63636
540000     4425000     1000    3.91107
540000     4425000     0    	4.18579
540000     4425000     -1000    4.78435
540000     4425000     -2000    4.97627
540000     4425000     -3000    5.19102
540000     4425000     -4000    5.45214
540000     4425000     -5000    5.72907
540000     4425000     -6000    6.03805
540000     4425000     -7000    6.26037
540000     4425000     -8000    6.30717
540000     4425000     -9000    6.3539
540000     4425000     -10000    6.40053
540000     4425000     -11000    6.44715
540000     4425000     -12000    6.49376
540000     4425000     -13000    6.54084
540000     4425000     -14000    6.58816
540000     4425000     -15000    6.6355
540000     4425000     -16000    6.68287
540000     4425000     -17000    6.73025
540000     4425000     -18000    6.77764
540000     4425000     -19000    6.8309
540000     4425000     -20000    6.88719
540000     4425000     -21000    6.94347
540000     4425000     -22000    6.99976
540000     4425000     -23000    7.05604
540000     4425000     -24000    7.11233
540000     4430000     2000    3.63636
540000     4430000     1000    3.91109
540000     4430000     0    	4.18588
540000     4430000     -1000    4.78452
540000     4430000     -2000    4.97644
540000     4430000     -3000    5.19116
540000     4430000     -4000    5.45221
540000     4430000     -5000    5.72904
540000     4430000     -6000    6.03796
540000     4430000     -7000    6.26037
540000     4430000     -8000    6.30737
540000     4430000     -9000    6.35415
540000     4430000     -10000    6.40078
540000     4430000     -11000    6.4473
540000     4430000     -12000    6.49377
540000     4430000     -13000    6.54078
540000     4430000     -14000    6.58811
540000     4430000     -15000    6.63548
540000     4430000     -16000    6.68287
540000     4430000     -17000    6.73026
540000     4430000     -18000    6.77764
540000     4430000     -19000    6.8309
540000     4430000     -20000    6.88719
540000     4430000     -21000    6.94347
540000     4430000     -22000    6.99976
540000     4430000     -23000    7.05604
540000     4430000     -24000    7.11233
540000     4435000     2000    3.63636
540000     4435000     1000    3.91124
540000     4435000     0    	4.1863
540000     4435000     -1000    4.78535
540000     4435000     -2000    4.97749
540000     4435000     -3000    5.1924
540000     4435000     -4000    5.45354
540000     4435000     -5000    5.73046
540000     4435000     -6000    6.0394
540000     4435000     -7000    6.2616
540000     4435000     -8000    6.30812
540000     4435000     -9000    6.35443
540000     4435000     -10000    6.40071
540000     4435000     -11000    6.44711
540000     4435000     -12000    6.49362
540000     4435000     -13000    6.54071
540000     4435000     -14000    6.5881
540000     4435000     -15000    6.63549
540000     4435000     -16000    6.68288
540000     4435000     -17000    6.73026
540000     4435000     -18000    6.77764
540000     4435000     -19000    6.8309
540000     4435000     -20000    6.88719
540000     4435000     -21000    6.94347
540000     4435000     -22000    6.99976
540000     4435000     -23000    7.05604
540000     4435000     -24000    7.11233
540000     4440000     2000    3.63636
540000     4440000     1000    3.91137
540000     4440000     0    	4.18412
540000     4440000     -1000    4.7823
540000     4440000     -2000    4.97631
540000     4440000     -3000    5.19317
540000     4440000     -4000    5.45462
540000     4440000     -5000    5.73205
540000     4440000     -6000    6.04104
540000     4440000     -7000    6.26273
540000     4440000     -8000    6.30835
540000     4440000     -9000    6.35424
540000     4440000     -10000    6.4005
540000     4440000     -11000    6.447
540000     4440000     -12000    6.49359
540000     4440000     -13000    6.54072
540000     4440000     -14000    6.58811
540000     4440000     -15000    6.6355
540000     4440000     -16000    6.68288
540000     4440000     -17000    6.73026
540000     4440000     -18000    6.77764
540000     4440000     -19000    6.8309
540000     4440000     -20000    6.88719
540000     4440000     -21000    6.94347
540000     4440000     -22000    6.99976
540000     4440000     -23000    7.05604
540000     4440000     -24000    7.11233
540000     4445000     2000    3.63636
540000     4445000     1000    3.9113
540000     4445000     0    	4.18275
540000     4445000     -1000    4.78162
540000     4445000     -2000    4.97631
540000     4445000     -3000    5.19303
540000     4445000     -4000    5.45441
540000     4445000     -5000    5.73096
540000     4445000     -6000    6.03951
540000     4445000     -7000    6.26144
540000     4445000     -8000    6.30757
540000     4445000     -9000    6.35391
540000     4445000     -10000    6.40042
540000     4445000     -11000    6.44701
540000     4445000     -12000    6.49361
540000     4445000     -13000    6.54073
540000     4445000     -14000    6.58811
540000     4445000     -15000    6.6355
540000     4445000     -16000    6.68288
540000     4445000     -17000    6.73026
540000     4445000     -18000    6.77764
540000     4445000     -19000    6.8309
540000     4445000     -20000    6.88719
540000     4445000     -21000    6.94347
540000     4445000     -22000    6.99976
540000     4445000     -23000    7.05604
540000     4445000     -24000    7.11233
540000     4450000     2000    3.63636
540000     4450000     1000    3.91129
540000     4450000     0    	4.18636
540000     4450000     -1000    4.78537
540000     4450000     -2000    4.97727
540000     4450000     -3000    5.19183
540000     4450000     -4000    5.45271
540000     4450000     -5000    5.72947
540000     4450000     -6000    6.03839
540000     4450000     -7000    6.26073
540000     4450000     -8000    6.30725
540000     4450000     -9000    6.35382
540000     4450000     -10000    6.40042
540000     4450000     -11000    6.44702
540000     4450000     -12000    6.49361
540000     4450000     -13000    6.54073
540000     4450000     -14000    6.58811
540000     4450000     -15000    6.6355
540000     4450000     -16000    6.68288
540000     4450000     -17000    6.73026
540000     4450000     -18000    6.77764
540000     4450000     -19000    6.8309
540000     4450000     -20000    6.88719
540000     4450000     -21000    6.94347
540000     4450000     -22000    6.99976
540000     4450000     -23000    7.05604
540000     4450000     -24000    7.11233
540000     4455000     2000    3.63636
540000     4455000     1000    3.9111
540000     4455000     0    	4.18591
540000     4455000     -1000    4.78454
540000     4455000     -2000    4.97641
540000     4455000     -3000    5.1911
540000     4455000     -4000    5.45219
540000     4455000     -5000    5.72912
540000     4455000     -6000    6.03819
540000     4455000     -7000    6.26064
540000     4455000     -8000    6.30724
540000     4455000     -9000    6.35384
540000     4455000     -10000    6.40043
540000     4455000     -11000    6.44703
540000     4455000     -12000    6.49362
540000     4455000     -13000    6.54073
540000     4455000     -14000    6.58811
540000     4455000     -15000    6.6355
540000     4455000     -16000    6.68288
540000     4455000     -17000    6.73026
540000     4455000     -18000    6.77764
540000     4455000     -19000    6.8309
540000     4455000     -20000    6.88719
540000     4455000     -21000    6.94347
540000     4455000     -22000    6.99976
540000     4455000     -23000    7.05604
540000     4455000     -24000    7.11233
540000     4460000     2000    3.63636
540000     4460000     1000    3.91107
540000     4460000     0    	4.18579
540000     4460000     -1000    4.78435
540000     4460000     -2000    4.97627
540000     4460000     -3000    5.19103
540000     4460000     -4000    5.45216
540000     4460000     -5000    5.72912
540000     4460000     -6000    6.03821
540000     4460000     -7000    6.26067
540000     4460000     -8000    6.30726
540000     4460000     -9000    6.35385
540000     4460000     -10000    6.40044
540000     4460000     -11000    6.44703
540000     4460000     -12000    6.49362
540000     4460000     -13000    6.54073
540000     4460000     -14000    6.58811
540000     4460000     -15000    6.6355
540000     4460000     -16000    6.68288
540000     4460000     -17000    6.73026
540000     4460000     -18000    6.77764
540000     4460000     -19000    6.8309
540000     4460000     -20000    6.88719
540000     4460000     -21000    6.94347
540000     4460000     -22000    6.99976
540000     4460000     -23000    7.05604
540000     4460000     -24000    7.11233
540000     4465000     2000    3.63636
540000     4465000     1000    3.91107
540000     4465000     0    	4.18579
540000     4465000     -1000    4.78435
540000     4465000     -2000    4.97627
540000     4465000     -3000    5.19104
540000     4465000     -4000    5.45218
540000     4465000     -5000    5.72914
540000     4465000     -6000    6.03822
540000     4465000     -7000    6.26067
540000     4465000     -8000    6.30726
540000     4465000     -9000    6.35385
540000     4465000     -10000    6.40044
540000     4465000     -11000    6.44703
540000     4465000     -12000    6.49362
540000     4465000     -13000    6.54073
540000     4465000     -14000    6.58811
540000     4465000     -15000    6.6355
540000     4465000     -16000    6.68288
540000     4465000     -17000    6.73026
540000     4465000     -18000    6.77764
540000     4465000     -19000    6.8309
540000     4465000     -20000    6.88719
540000     4465000     -21000    6.94347
540000     4465000     -22000    6.99976
540000     4465000     -23000    7.05604
540000     4465000     -24000    7.11233
540000     4470000     2000    3.63636
540000     4470000     1000    3.91108
540000     4470000     0    	4.18579
540000     4470000     -1000    4.78435
540000     4470000     -2000    4.97628
540000     4470000     -3000    5.19104
540000     4470000     -4000    5.45218
540000     4470000     -5000    5.72914
540000     4470000     -6000    6.03822
540000     4470000     -7000    6.26067
540000     4470000     -8000    6.30726
540000     4470000     -9000    6.35385
540000     4470000     -10000    6.40044
540000     4470000     -11000    6.44703
540000     4470000     -12000    6.49362
540000     4470000     -13000    6.54073
540000     4470000     -14000    6.58811
540000     4470000     -15000    6.6355
540000     4470000     -16000    6.68288
540000     4470000     -17000    6.73026
540000     4470000     -18000    6.77764
540000     4470000     -19000    6.8309
540000     4470000     -20000    6.88719
540000     4470000     -21000    6.94347
540000     4470000     -22000    6.99976
540000     4470000     -23000    7.05604
540000     4470000     -24000    7.11233
540000     4475000     2000    3.63636
540000     4475000     1000    3.91108
540000     4475000     0    	4.18579
540000     4475000     -1000    4.78436
540000     4475000     -2000    4.97628
540000     4475000     -3000    5.19104
540000     4475000     -4000    5.45218
540000     4475000     -5000    5.72914
540000     4475000     -6000    6.03822
540000     4475000     -7000    6.26067
540000     4475000     -8000    6.30726
540000     4475000     -9000    6.35385
540000     4475000     -10000    6.40044
540000     4475000     -11000    6.44703
540000     4475000     -12000    6.49362
540000     4475000     -13000    6.54073
540000     4475000     -14000    6.58811
540000     4475000     -15000    6.6355
540000     4475000     -16000    6.68288
540000     4475000     -17000    6.73026
540000     4475000     -18000    6.77764
540000     4475000     -19000    6.8309
540000     4475000     -20000    6.88719
540000     4475000     -21000    6.94347
540000     4475000     -22000    6.99976
540000     4475000     -23000    7.05604
540000     4475000     -24000    7.11233
540000     4480000     2000    3.63636
540000     4480000     1000    3.91108
540000     4480000     0    	4.18579
540000     4480000     -1000    4.78436
540000     4480000     -2000    4.97628
540000     4480000     -3000    5.19104
540000     4480000     -4000    5.45218
540000     4480000     -5000    5.72914
540000     4480000     -6000    6.03822
540000     4480000     -7000    6.26067
540000     4480000     -8000    6.30726
540000     4480000     -9000    6.35385
540000     4480000     -10000    6.40044
540000     4480000     -11000    6.44703
540000     4480000     -12000    6.49362
540000     4480000     -13000    6.54073
540000     4480000     -14000    6.58811
540000     4480000     -15000    6.6355
540000     4480000     -16000    6.68288
540000     4480000     -17000    6.73026
540000     4480000     -18000    6.77764
540000     4480000     -19000    6.8309
540000     4480000     -20000    6.88719
540000     4480000     -21000    6.94347
540000     4480000     -22000    6.99976
540000     4480000     -23000    7.05604
540000     4480000     -24000    7.11233
