550000     4360000     2000    3.63636
550000     4365000     2000    3.63636
550000     4370000     2000    3.63636
550000     4375000     2000    3.63636
550000     4380000     2000    3.63636
550000     4385000     2000    3.63636
550000     4390000     2000    3.63636
550000     4395000     2000    3.63636
550000     4400000     2000    3.63636
550000     4405000     2000    3.63636
550000     4410000     2000    3.63636
550000     4415000     2000    3.63636
550000     4420000     2000    3.63636
550000     4425000     2000    3.63635
550000     4430000     2000    3.63637
550000     4435000     2000    3.63652
550000     4440000     2000    3.6367
550000     4445000     2000    3.63665
550000     4450000     2000    3.63656
550000     4455000     2000    3.6364
550000     4460000     2000    3.63638
550000     4465000     2000    3.63636
550000     4470000     2000    3.63636
550000     4475000     2000    3.63636
550000     4480000     2000    3.63636
550000     4360000     1000    3.91108
550000     4365000     1000    3.91108
550000     4370000     1000    3.91108
550000     4375000     1000    3.91108
550000     4380000     1000    3.91108
550000     4385000     1000    3.91108
550000     4390000     1000    3.91108
550000     4395000     1000    3.91108
550000     4400000     1000    3.91108
550000     4405000     1000    3.91107
550000     4410000     1000    3.91107
550000     4415000     1000    3.91107
550000     4420000     1000    3.91107
550000     4425000     1000    3.91111
550000     4430000     1000    3.91128
550000     4435000     1000    3.91113
550000     4440000     1000    3.90695
550000     4445000     1000    3.90521
550000     4450000     1000    3.91099
550000     4455000     1000    3.9114
550000     4460000     1000    3.91121
550000     4465000     1000    3.91114
550000     4470000     1000    3.91108
550000     4475000     1000    3.91107
550000     4480000     1000    3.91108
550000     4360000     0    4.18579
550000     4365000     0    4.18579
550000     4370000     0    4.18579
550000     4375000     0    4.18579
550000     4380000     0    4.18579
550000     4385000     0    4.18579
550000     4390000     0    4.18579
550000     4395000     0    4.18579
550000     4400000     0    4.18579
550000     4405000     0    4.18577
550000     4410000     0    4.18577
550000     4415000     0    4.18577
550000     4420000     0    4.18579
550000     4425000     0    4.18591
550000     4430000     0    4.18614
550000     4435000     0    4.18251
550000     4440000     0    4.15223
550000     4445000     0    4.14338
550000     4450000     0    4.18112
550000     4455000     0    4.18624
550000     4460000     0    4.1861
550000     4465000     0    4.18589
550000     4470000     0    4.1858
550000     4475000     0    4.18579
550000     4480000     0    4.18579
550000     4360000     -1000    4.78436
550000     4365000     -1000    4.78436
550000     4370000     -1000    4.78435
550000     4375000     -1000    4.78435
550000     4380000     -1000    4.78435
550000     4385000     -1000    4.78436
550000     4390000     -1000    4.78436
550000     4395000     -1000    4.78436
550000     4400000     -1000    4.78436
550000     4405000     -1000    4.78433
550000     4410000     -1000    4.78432
550000     4415000     -1000    4.78433
550000     4420000     -1000    4.78435
550000     4425000     -1000    4.7846
550000     4430000     -1000    4.78489
550000     4435000     -1000    4.77525
550000     4440000     -1000    4.70193
550000     4445000     -1000    4.70129
550000     4450000     -1000    4.77504
550000     4455000     -1000    4.78515
550000     4460000     -1000    4.78488
550000     4465000     -1000    4.78446
550000     4470000     -1000    4.78435
550000     4475000     -1000    4.78435
550000     4480000     -1000    4.78435
550000     4360000     -2000    4.97628
550000     4365000     -2000    4.97628
550000     4370000     -2000    4.97628
550000     4375000     -2000    4.97628
550000     4380000     -2000    4.97628
550000     4385000     -2000    4.97628
550000     4390000     -2000    4.97628
550000     4395000     -2000    4.97628
550000     4400000     -2000    4.97628
550000     4405000     -2000    4.97627
550000     4410000     -2000    4.97624
550000     4415000     -2000    4.97626
550000     4420000     -2000    4.97628
550000     4425000     -2000    4.97661
550000     4430000     -2000    4.97685
550000     4435000     -2000    4.96147
550000     4440000     -2000    4.84795
550000     4445000     -2000    4.88113
550000     4450000     -2000    4.96611
550000     4455000     -2000    4.97717
550000     4460000     -2000    4.97677
550000     4465000     -2000    4.97633
550000     4470000     -2000    4.97626
550000     4475000     -2000    4.97627
550000     4480000     -2000    4.97628
550000     4360000     -3000    5.19104
550000     4365000     -3000    5.19104
550000     4370000     -3000    5.19104
550000     4375000     -3000    5.19104
550000     4380000     -3000    5.19104
550000     4385000     -3000    5.19104
550000     4390000     -3000    5.19104
550000     4395000     -3000    5.19105
550000     4400000     -3000    5.19105
550000     4405000     -3000    5.19104
550000     4410000     -3000    5.19102
550000     4415000     -3000    5.19103
550000     4420000     -3000    5.19105
550000     4425000     -3000    5.19146
550000     4430000     -3000    5.19221
550000     4435000     -3000    5.17359
550000     4440000     -3000    5.01096
550000     4445000     -3000    5.09615
550000     4450000     -3000    5.18175
550000     4455000     -3000    5.19189
550000     4460000     -3000    5.19142
550000     4465000     -3000    5.19105
550000     4470000     -3000    5.19102
550000     4475000     -3000    5.19104
550000     4480000     -3000    5.19104
550000     4360000     -4000    5.45218
550000     4365000     -4000    5.45218
550000     4370000     -4000    5.45218
550000     4375000     -4000    5.45218
550000     4380000     -4000    5.45218
550000     4385000     -4000    5.45218
550000     4390000     -4000    5.45218
550000     4395000     -4000    5.45218
550000     4400000     -4000    5.45218
550000     4405000     -4000    5.45218
550000     4410000     -4000    5.45217
550000     4415000     -4000    5.45217
550000     4420000     -4000    5.45215
550000     4425000     -4000    5.45269
550000     4430000     -4000    5.45556
550000     4435000     -4000    5.44198
550000     4440000     -4000    5.23074
550000     4445000     -4000    5.37843
550000     4450000     -4000    5.44692
550000     4455000     -4000    5.45313
550000     4460000     -4000    5.45243
550000     4465000     -4000    5.45216
550000     4470000     -4000    5.45216
550000     4475000     -4000    5.45218
550000     4480000     -4000    5.45218
550000     4360000     -5000    5.72914
550000     4365000     -5000    5.72914
550000     4370000     -5000    5.72914
550000     4375000     -5000    5.72914
550000     4380000     -5000    5.72913
550000     4385000     -5000    5.72913
550000     4390000     -5000    5.72913
550000     4395000     -5000    5.72913
550000     4400000     -5000    5.72914
550000     4405000     -5000    5.72915
550000     4410000     -5000    5.72915
550000     4415000     -5000    5.72909
550000     4420000     -5000    5.72882
550000     4425000     -5000    5.72951
550000     4430000     -5000    5.73594
550000     4435000     -5000    5.72893
550000     4440000     -5000    5.51376
550000     4445000     -5000    5.67448
550000     4450000     -5000    5.72687
550000     4455000     -5000    5.73002
550000     4460000     -5000    5.72926
550000     4465000     -5000    5.7291
550000     4470000     -5000    5.72912
550000     4475000     -5000    5.72914
550000     4480000     -5000    5.72914
550000     4360000     -6000    6.03822
550000     4365000     -6000    6.03822
550000     4370000     -6000    6.03822
550000     4375000     -6000    6.03822
550000     4380000     -6000    6.03821
550000     4385000     -6000    6.03821
550000     4390000     -6000    6.03821
550000     4395000     -6000    6.03821
550000     4400000     -6000    6.03822
550000     4405000     -6000    6.03824
550000     4410000     -6000    6.0382
550000     4415000     -6000    6.03786
550000     4420000     -6000    6.03714
550000     4425000     -6000    6.03984
550000     4430000     -6000    6.05558
550000     4435000     -6000    6.02932
550000     4440000     -6000    5.88572
550000     4445000     -6000    6.00302
550000     4450000     -6000    6.038
550000     4455000     -6000    6.03896
550000     4460000     -6000    6.03826
550000     4465000     -6000    6.03818
550000     4470000     -6000    6.03821
550000     4475000     -6000    6.03822
550000     4480000     -6000    6.03822
550000     4360000     -7000    6.26067
550000     4365000     -7000    6.26067
550000     4370000     -7000    6.26067
550000     4375000     -7000    6.26067
550000     4380000     -7000    6.26067
550000     4385000     -7000    6.26067
550000     4390000     -7000    6.26067
550000     4395000     -7000    6.26067
550000     4400000     -7000    6.26067
550000     4405000     -7000    6.26065
550000     4410000     -7000    6.26045
550000     4415000     -7000    6.25979
550000     4420000     -7000    6.25972
550000     4425000     -7000    6.26865
550000     4430000     -7000    6.28898
550000     4435000     -7000    6.21276
550000     4440000     -7000    6.18197
550000     4445000     -7000    6.24385
550000     4450000     -7000    6.26163
550000     4455000     -7000    6.26123
550000     4460000     -7000    6.26069
550000     4465000     -7000    6.26065
550000     4470000     -7000    6.26067
550000     4475000     -7000    6.26067
550000     4480000     -7000    6.26067
550000     4360000     -8000    6.30726
550000     4365000     -8000    6.30726
550000     4370000     -8000    6.30726
550000     4375000     -8000    6.30726
550000     4380000     -8000    6.30726
550000     4385000     -8000    6.30726
550000     4390000     -8000    6.30726
550000     4395000     -8000    6.30725
550000     4400000     -8000    6.30723
550000     4405000     -8000    6.30715
550000     4410000     -8000    6.30694
550000     4415000     -8000    6.30662
550000     4420000     -8000    6.30665
550000     4425000     -8000    6.30937
550000     4430000     -8000    6.30446
550000     4435000     -8000    6.25535
550000     4440000     -8000    6.28016
550000     4445000     -8000    6.30309
550000     4450000     -8000    6.30874
550000     4455000     -8000    6.30769
550000     4460000     -8000    6.30728
550000     4465000     -8000    6.30725
550000     4470000     -8000    6.30726
550000     4475000     -8000    6.30726
550000     4480000     -8000    6.30726
550000     4360000     -9000    6.35385
550000     4365000     -9000    6.35385
550000     4370000     -9000    6.35385
550000     4375000     -9000    6.35385
550000     4380000     -9000    6.35385
550000     4385000     -9000    6.35385
550000     4390000     -9000    6.35385
550000     4395000     -9000    6.35385
550000     4400000     -9000    6.35385
550000     4405000     -9000    6.3538
550000     4410000     -9000    6.35364
550000     4415000     -9000    6.35336
550000     4420000     -9000    6.35334
550000     4425000     -9000    6.35344
550000     4430000     -9000    6.33872
550000     4435000     -9000    6.32881
550000     4440000     -9000    6.34874
550000     4445000     -9000    6.35413
550000     4450000     -9000    6.35504
550000     4455000     -9000    6.35411
550000     4460000     -9000    6.35386
550000     4465000     -9000    6.35385
550000     4470000     -9000    6.35385
550000     4475000     -9000    6.35385
550000     4480000     -9000    6.35385
550000     4360000     -10000    6.40044
550000     4365000     -10000    6.40044
550000     4370000     -10000    6.40044
550000     4375000     -10000    6.40044
550000     4380000     -10000    6.40044
550000     4385000     -10000    6.40044
550000     4390000     -10000    6.40044
550000     4395000     -10000    6.40044
550000     4400000     -10000    6.40045
550000     4405000     -10000    6.40044
550000     4410000     -10000    6.40037
550000     4415000     -10000    6.40035
550000     4420000     -10000    6.40085
550000     4425000     -10000    6.3998
550000     4430000     -10000    6.38544
550000     4435000     -10000    6.39497
550000     4440000     -10000    6.40188
550000     4445000     -10000    6.40156
550000     4450000     -10000    6.40114
550000     4455000     -10000    6.40056
550000     4460000     -10000    6.40044
550000     4465000     -10000    6.40044
550000     4470000     -10000    6.40044
550000     4475000     -10000    6.40044
550000     4480000     -10000    6.40044
550000     4360000     -11000    6.44703
550000     4365000     -11000    6.44703
550000     4370000     -11000    6.44703
550000     4375000     -11000    6.44703
550000     4380000     -11000    6.44703
550000     4385000     -11000    6.44703
550000     4390000     -11000    6.44703
550000     4395000     -11000    6.44703
550000     4400000     -11000    6.44703
550000     4405000     -11000    6.44702
550000     4410000     -11000    6.44699
550000     4415000     -11000    6.44717
550000     4420000     -11000    6.44759
550000     4425000     -11000    6.4444
550000     4430000     -11000    6.43644
550000     4435000     -11000    6.44766
550000     4440000     -11000    6.44896
550000     4445000     -11000    6.44784
550000     4450000     -11000    6.44738
550000     4455000     -11000    6.44708
550000     4460000     -11000    6.44702
550000     4465000     -11000    6.44703
550000     4470000     -11000    6.44703
550000     4475000     -11000    6.44703
550000     4480000     -11000    6.44703
550000     4360000     -12000    6.49362
550000     4365000     -12000    6.49362
550000     4370000     -12000    6.49362
550000     4375000     -12000    6.49362
550000     4380000     -12000    6.49362
550000     4385000     -12000    6.49362
550000     4390000     -12000    6.49362
550000     4395000     -12000    6.49362
550000     4400000     -12000    6.49361
550000     4405000     -12000    6.49359
550000     4410000     -12000    6.49361
550000     4415000     -12000    6.49391
550000     4420000     -12000    6.49398
550000     4425000     -12000    6.48886
550000     4430000     -12000    6.48919
550000     4435000     -12000    6.49475
550000     4440000     -12000    6.49461
550000     4445000     -12000    6.49396
550000     4450000     -12000    6.49378
550000     4455000     -12000    6.49364
550000     4460000     -12000    6.49361
550000     4465000     -12000    6.49362
550000     4470000     -12000    6.49362
550000     4475000     -12000    6.49362
550000     4480000     -12000    6.49362
550000     4360000     -13000    6.54073
550000     4365000     -13000    6.54073
550000     4370000     -13000    6.54073
550000     4375000     -13000    6.54073
550000     4380000     -13000    6.54073
550000     4385000     -13000    6.54073
550000     4390000     -13000    6.54073
550000     4395000     -13000    6.54073
550000     4400000     -13000    6.54072
550000     4405000     -13000    6.54071
550000     4410000     -13000    6.54078
550000     4415000     -13000    6.54121
550000     4420000     -13000    6.54119
550000     4425000     -13000    6.53686
550000     4430000     -13000    6.54043
550000     4435000     -13000    6.54155
550000     4440000     -13000    6.54113
550000     4445000     -13000    6.54091
550000     4450000     -13000    6.54082
550000     4455000     -13000    6.54074
550000     4460000     -13000    6.54072
550000     4465000     -13000    6.54073
550000     4470000     -13000    6.54073
550000     4475000     -13000    6.54073
550000     4480000     -13000    6.54073
550000     4360000     -14000    6.58811
550000     4365000     -14000    6.58811
550000     4370000     -14000    6.58811
550000     4375000     -14000    6.58811
550000     4380000     -14000    6.58811
550000     4385000     -14000    6.58811
550000     4390000     -14000    6.58811
550000     4395000     -14000    6.58811
550000     4400000     -14000    6.5881
550000     4405000     -14000    6.5881
550000     4410000     -14000    6.58824
550000     4415000     -14000    6.58874
550000     4420000     -14000    6.58861
550000     4425000     -14000    6.58754
550000     4430000     -14000    6.58886
550000     4435000     -14000    6.58847
550000     4440000     -14000    6.58822
550000     4445000     -14000    6.58821
550000     4450000     -14000    6.58815
550000     4455000     -14000    6.58811
550000     4460000     -14000    6.58811
550000     4465000     -14000    6.58811
550000     4470000     -14000    6.58811
550000     4475000     -14000    6.58811
550000     4480000     -14000    6.58811
550000     4360000     -15000    6.6355
550000     4365000     -15000    6.6355
550000     4370000     -15000    6.6355
550000     4375000     -15000    6.6355
550000     4380000     -15000    6.6355
550000     4385000     -15000    6.6355
550000     4390000     -15000    6.6355
550000     4395000     -15000    6.63549
550000     4400000     -15000    6.63548
550000     4405000     -15000    6.6355
550000     4410000     -15000    6.63571
550000     4415000     -15000    6.63616
550000     4420000     -15000    6.63578
550000     4425000     -15000    6.63617
550000     4430000     -15000    6.63598
550000     4435000     -15000    6.63555
550000     4440000     -15000    6.63551
550000     4445000     -15000    6.63554
550000     4450000     -15000    6.63551
550000     4455000     -15000    6.63549
550000     4460000     -15000    6.6355
550000     4465000     -15000    6.6355
550000     4470000     -15000    6.6355
550000     4475000     -15000    6.6355
550000     4480000     -15000    6.6355
550000     4360000     -16000    6.68288
550000     4365000     -16000    6.68288
550000     4370000     -16000    6.68288
550000     4375000     -16000    6.68288
550000     4380000     -16000    6.68288
550000     4385000     -16000    6.68288
550000     4390000     -16000    6.68288
550000     4395000     -16000    6.68287
550000     4400000     -16000    6.68286
550000     4405000     -16000    6.6829
550000     4410000     -16000    6.68314
550000     4415000     -16000    6.68339
550000     4420000     -16000    6.68324
550000     4425000     -16000    6.68344
550000     4430000     -16000    6.68302
550000     4435000     -16000    6.68284
550000     4440000     -16000    6.68288
550000     4445000     -16000    6.6829
550000     4450000     -16000    6.68288
550000     4455000     -16000    6.68287
550000     4460000     -16000    6.68288
550000     4465000     -16000    6.68288
550000     4470000     -16000    6.68288
550000     4475000     -16000    6.68288
550000     4480000     -16000    6.68288
550000     4360000     -17000    6.73026
550000     4365000     -17000    6.73026
550000     4370000     -17000    6.73026
550000     4375000     -17000    6.73026
550000     4380000     -17000    6.73026
550000     4385000     -17000    6.73026
550000     4390000     -17000    6.73026
550000     4395000     -17000    6.73025
550000     4400000     -17000    6.73024
550000     4405000     -17000    6.73031
550000     4410000     -17000    6.73055
550000     4415000     -17000    6.73069
550000     4420000     -17000    6.73069
550000     4425000     -17000    6.73048
550000     4430000     -17000    6.73025
550000     4435000     -17000    6.73023
550000     4440000     -17000    6.73026
550000     4445000     -17000    6.73026
550000     4450000     -17000    6.73026
550000     4455000     -17000    6.73026
550000     4460000     -17000    6.73026
550000     4465000     -17000    6.73026
550000     4470000     -17000    6.73026
550000     4475000     -17000    6.73026
550000     4480000     -17000    6.73026
550000     4360000     -18000    6.77764
550000     4365000     -18000    6.77764
550000     4370000     -18000    6.77764
550000     4375000     -18000    6.77764
550000     4380000     -18000    6.77764
550000     4385000     -18000    6.77764
550000     4390000     -18000    6.77764
550000     4395000     -18000    6.77763
550000     4400000     -18000    6.77763
550000     4405000     -18000    6.77771
550000     4410000     -18000    6.77788
550000     4415000     -18000    6.77796
550000     4420000     -18000    6.77786
550000     4425000     -18000    6.77767
550000     4430000     -18000    6.77762
550000     4435000     -18000    6.77763
550000     4440000     -18000    6.77764
550000     4445000     -18000    6.77764
550000     4450000     -18000    6.77764
550000     4455000     -18000    6.77764
550000     4460000     -18000    6.77764
550000     4465000     -18000    6.77764
550000     4470000     -18000    6.77764
550000     4475000     -18000    6.77764
550000     4480000     -18000    6.77764
550000     4360000     -19000    6.8309
550000     4365000     -19000    6.8309
550000     4370000     -19000    6.8309
550000     4375000     -19000    6.8309
550000     4380000     -19000    6.8309
550000     4385000     -19000    6.8309
550000     4390000     -19000    6.83089
550000     4395000     -19000    6.83089
550000     4400000     -19000    6.83091
550000     4405000     -19000    6.83097
550000     4410000     -19000    6.83104
550000     4415000     -19000    6.83104
550000     4420000     -19000    6.83094
550000     4425000     -19000    6.83089
550000     4430000     -19000    6.83089
550000     4435000     -19000    6.8309
550000     4440000     -19000    6.8309
550000     4445000     -19000    6.8309
550000     4450000     -19000    6.8309
550000     4455000     -19000    6.8309
550000     4460000     -19000    6.8309
550000     4465000     -19000    6.8309
550000     4470000     -19000    6.8309
550000     4475000     -19000    6.8309
550000     4480000     -19000    6.8309
550000     4360000     -20000    6.88719
550000     4365000     -20000    6.88719
550000     4370000     -20000    6.88719
550000     4375000     -20000    6.88719
550000     4380000     -20000    6.88719
550000     4385000     -20000    6.88719
550000     4390000     -20000    6.88718
550000     4395000     -20000    6.88718
550000     4400000     -20000    6.88719
550000     4405000     -20000    6.88722
550000     4410000     -20000    6.88724
550000     4415000     -20000    6.88721
550000     4420000     -20000    6.88718
550000     4425000     -20000    6.88718
550000     4430000     -20000    6.88719
550000     4435000     -20000    6.88719
550000     4440000     -20000    6.88719
550000     4445000     -20000    6.88719
550000     4450000     -20000    6.88719
550000     4455000     -20000    6.88719
550000     4460000     -20000    6.88719
550000     4465000     -20000    6.88719
550000     4470000     -20000    6.88719
550000     4475000     -20000    6.88719
550000     4480000     -20000    6.88719
550000     4360000     -21000    6.94347
550000     4365000     -21000    6.94347
550000     4370000     -21000    6.94347
550000     4375000     -21000    6.94347
550000     4380000     -21000    6.94347
550000     4385000     -21000    6.94347
550000     4390000     -21000    6.94347
550000     4395000     -21000    6.94347
550000     4400000     -21000    6.94347
550000     4405000     -21000    6.94347
550000     4410000     -21000    6.94347
550000     4415000     -21000    6.94347
550000     4420000     -21000    6.94347
550000     4425000     -21000    6.94347
550000     4430000     -21000    6.94347
550000     4435000     -21000    6.94347
550000     4440000     -21000    6.94347
550000     4445000     -21000    6.94347
550000     4450000     -21000    6.94347
550000     4455000     -21000    6.94347
550000     4460000     -21000    6.94347
550000     4465000     -21000    6.94347
550000     4470000     -21000    6.94347
550000     4475000     -21000    6.94347
550000     4480000     -21000    6.94347
550000     4360000     -22000    6.99976
550000     4365000     -22000    6.99976
550000     4370000     -22000    6.99976
550000     4375000     -22000    6.99976
550000     4380000     -22000    6.99976
550000     4385000     -22000    6.99976
550000     4390000     -22000    6.99976
550000     4395000     -22000    6.99976
550000     4400000     -22000    6.99976
550000     4405000     -22000    6.99975
550000     4410000     -22000    6.99976
550000     4415000     -22000    6.99976
550000     4420000     -22000    6.99976
550000     4425000     -22000    6.99976
550000     4430000     -22000    6.99976
550000     4435000     -22000    6.99976
550000     4440000     -22000    6.99976
550000     4445000     -22000    6.99976
550000     4450000     -22000    6.99976
550000     4455000     -22000    6.99976
550000     4460000     -22000    6.99976
550000     4465000     -22000    6.99976
550000     4470000     -22000    6.99976
550000     4475000     -22000    6.99976
550000     4480000     -22000    6.99976
550000     4360000     -23000    7.05604
550000     4365000     -23000    7.05604
550000     4370000     -23000    7.05604
550000     4375000     -23000    7.05604
550000     4380000     -23000    7.05604
550000     4385000     -23000    7.05604
550000     4390000     -23000    7.05604
550000     4395000     -23000    7.05604
550000     4400000     -23000    7.05604
550000     4405000     -23000    7.05604
550000     4410000     -23000    7.05605
550000     4415000     -23000    7.05604
550000     4420000     -23000    7.05604
550000     4425000     -23000    7.05604
550000     4430000     -23000    7.05604
550000     4435000     -23000    7.05604
550000     4440000     -23000    7.05604
550000     4445000     -23000    7.05604
550000     4450000     -23000    7.05604
550000     4455000     -23000    7.05604
550000     4460000     -23000    7.05604
550000     4465000     -23000    7.05604
550000     4470000     -23000    7.05604
550000     4475000     -23000    7.05604
550000     4480000     -23000    7.05604
550000     4360000     -24000    7.11233
550000     4365000     -24000    7.11233
550000     4370000     -24000    7.11233
550000     4375000     -24000    7.11233
550000     4380000     -24000    7.11233
550000     4385000     -24000    7.11233
550000     4390000     -24000    7.11233
550000     4395000     -24000    7.11233
550000     4400000     -24000    7.11233
550000     4405000     -24000    7.11233
550000     4410000     -24000    7.11233
550000     4415000     -24000    7.11233
550000     4420000     -24000    7.11233
550000     4425000     -24000    7.11233
550000     4430000     -24000    7.11233
550000     4435000     -24000    7.11233
550000     4440000     -24000    7.11233
550000     4445000     -24000    7.11233
550000     4450000     -24000    7.11233
550000     4455000     -24000    7.11233
550000     4460000     -24000    7.11233
550000     4465000     -24000    7.11233
550000     4470000     -24000    7.11233
550000     4475000     -24000    7.11233
550000     4480000     -24000    7.11233
