580000     4360000     2000    3.63636
580000     4360000     1000    3.91131
580000     4360000     0    4.18644
580000     4360000     -1000    4.78518
580000     4360000     -2000    4.97686
580000     4360000     -3000    5.19132
580000     4360000     -4000    5.45224
580000     4360000     -5000    5.7291
580000     4360000     -6000    6.03815
580000     4360000     -7000    6.26062
580000     4360000     -8000    6.30723
580000     4360000     -9000    6.35384
580000     4360000     -10000    6.40044
580000     4360000     -11000    6.44703
580000     4360000     -12000    6.49362
580000     4360000     -13000    6.54073
580000     4360000     -14000    6.58811
580000     4360000     -15000    6.6355
580000     4360000     -16000    6.68288
580000     4360000     -17000    6.73026
580000     4360000     -18000    6.77764
580000     4360000     -19000    6.8309
580000     4360000     -20000    6.88719
580000     4360000     -21000    6.94347
580000     4360000     -22000    6.99976
580000     4360000     -23000    7.05604
580000     4360000     -24000    7.11233
580000     4365000     2000    3.63656
580000     4365000     1000    3.91179
580000     4365000     0    4.18633
580000     4365000     -1000    4.78603
580000     4365000     -2000    4.97855
580000     4365000     -3000    5.19346
580000     4365000     -4000    5.45423
580000     4365000     -5000    5.73052
580000     4365000     -6000    6.03899
580000     4365000     -7000    6.26097
580000     4365000     -8000    6.30732
580000     4365000     -9000    6.35386
580000     4365000     -10000    6.40044
580000     4365000     -11000    6.44703
580000     4365000     -12000    6.49362
580000     4365000     -13000    6.54073
580000     4365000     -14000    6.58811
580000     4365000     -15000    6.6355
580000     4365000     -16000    6.68288
580000     4365000     -17000    6.73026
580000     4365000     -18000    6.77764
580000     4365000     -19000    6.8309
580000     4365000     -20000    6.88719
580000     4365000     -21000    6.94347
580000     4365000     -22000    6.99976
580000     4365000     -23000    7.05604
580000     4365000     -24000    7.11233
580000     4370000     2000    3.6375
580000     4370000     1000    3.90461
580000     4370000     0    4.16085
580000     4370000     -1000    4.75739
580000     4370000     -2000    4.96067
580000     4370000     -3000    5.18761
580000     4370000     -4000    5.45519
580000     4370000     -5000    5.73368
580000     4370000     -6000    6.04233
580000     4370000     -7000    6.26319
580000     4370000     -8000    6.30835
580000     4370000     -9000    6.35427
580000     4370000     -10000    6.40064
580000     4370000     -11000    6.44714
580000     4370000     -12000    6.49367
580000     4370000     -13000    6.54075
580000     4370000     -14000    6.58812
580000     4370000     -15000    6.6355
580000     4370000     -16000    6.68288
580000     4370000     -17000    6.73026
580000     4370000     -18000    6.77764
580000     4370000     -19000    6.8309
580000     4370000     -20000    6.88719
580000     4370000     -21000    6.94347
580000     4370000     -22000    6.99976
580000     4370000     -23000    7.05604
580000     4370000     -24000    7.11233
580000     4375000     2000    3.63382
580000     4375000     1000    3.8492
580000     4375000     0    3.99018
580000     4375000     -1000    4.54582
580000     4375000     -2000    4.79216
580000     4375000     -3000    5.07721
580000     4375000     -4000    5.38696
580000     4375000     -5000    5.69486
580000     4375000     -6000    6.02606
580000     4375000     -7000    6.25897
580000     4375000     -8000    6.30798
580000     4375000     -9000    6.35453
580000     4375000     -10000    6.40112
580000     4375000     -11000    6.44754
580000     4375000     -12000    6.49391
580000     4375000     -13000    6.54091
580000     4375000     -14000    6.58822
580000     4375000     -15000    6.63555
580000     4375000     -16000    6.6829
580000     4375000     -17000    6.73026
580000     4375000     -18000    6.77764
580000     4375000     -19000    6.83089
580000     4375000     -20000    6.88718
580000     4375000     -21000    6.94347
580000     4375000     -22000    6.99976
580000     4375000     -23000    7.05604
580000     4375000     -24000    7.11233
580000     4380000     2000    3.63697
580000     4380000     1000    3.8848
580000     4380000     0    4.07498
580000     4380000     -1000    4.5659
580000     4380000     -2000    4.66268
580000     4380000     -3000    4.79229
580000     4380000     -4000    5.03992
580000     4380000     -5000    5.39564
580000     4380000     -6000    5.82493
580000     4380000     -7000    6.15267
580000     4380000     -8000    6.26143
580000     4380000     -9000    6.33402
580000     4380000     -10000    6.39282
580000     4380000     -11000    6.44424
580000     4380000     -12000    6.49253
580000     4380000     -13000    6.54064
580000     4380000     -14000    6.58839
580000     4380000     -15000    6.63575
580000     4380000     -16000    6.68308
580000     4380000     -17000    6.73041
580000     4380000     -18000    6.77773
580000     4380000     -19000    6.83095
580000     4380000     -20000    6.88721
580000     4380000     -21000    6.94347
580000     4380000     -22000    6.99975
580000     4380000     -23000    7.05604
580000     4380000     -24000    7.11233
580000     4385000     2000    3.63701
580000     4385000     1000    3.91009
580000     4385000     0    4.17594
580000     4385000     -1000    4.76221
580000     4385000     -2000    4.93656
580000     4385000     -3000    5.10196
580000     4385000     -4000    5.23105
580000     4385000     -5000    5.32238
580000     4385000     -6000    5.54578
580000     4385000     -7000    5.88843
580000     4385000     -8000    6.08897
580000     4385000     -9000    6.22509
580000     4385000     -10000    6.32604
580000     4385000     -11000    6.40707
580000     4385000     -12000    6.47368
580000     4385000     -13000    6.53263
580000     4385000     -14000    6.58512
580000     4385000     -15000    6.63451
580000     4385000     -16000    6.68305
580000     4385000     -17000    6.73095
580000     4385000     -18000    6.77833
580000     4385000     -19000    6.83144
580000     4385000     -20000    6.88752
580000     4385000     -21000    6.9436
580000     4385000     -22000    6.99977
580000     4385000     -23000    7.05604
580000     4385000     -24000    7.11233
580000     4390000     2000    3.63642
580000     4390000     1000    3.91168
580000     4390000     0    4.18694
580000     4390000     -1000    4.78681
580000     4390000     -2000    4.97971
580000     4390000     -3000    5.19065
580000     4390000     -4000    5.41996
580000     4390000     -5000    5.57959
580000     4390000     -6000    5.68846
580000     4390000     -7000    5.84232
580000     4390000     -8000    6.03808
580000     4390000     -9000    6.16069
580000     4390000     -10000    6.24709
580000     4390000     -11000    6.34415
580000     4390000     -12000    6.4386
580000     4390000     -13000    6.50704
580000     4390000     -14000    6.56346
580000     4390000     -15000    6.62167
580000     4390000     -16000    6.6774
580000     4390000     -17000    6.72927
580000     4390000     -18000    6.77797
580000     4390000     -19000    6.8315
580000     4390000     -20000    6.88794
580000     4390000     -21000    6.94407
580000     4390000     -22000    6.99996
580000     4390000     -23000    7.05607
580000     4390000     -24000    7.11233
580000     4395000     2000    3.63632
580000     4395000     1000    3.9114
580000     4395000     0    4.18677
580000     4395000     -1000    4.78626
580000     4395000     -2000    4.97913
580000     4395000     -3000    5.19558
580000     4395000     -4000    5.45527
580000     4395000     -5000    5.69772
580000     4395000     -6000    5.89462
580000     4395000     -7000    5.97761
580000     4395000     -8000    6.13189
580000     4395000     -9000    6.19589
580000     4395000     -10000    6.27781
580000     4395000     -11000    6.31102
580000     4395000     -12000    6.43262
580000     4395000     -13000    6.51141
580000     4395000     -14000    6.56521
580000     4395000     -15000    6.61925
580000     4395000     -16000    6.66515
580000     4395000     -17000    6.71211
580000     4395000     -18000    6.7585
580000     4395000     -19000    6.812
580000     4395000     -20000    6.87699
580000     4395000     -21000    6.94231
580000     4395000     -22000    7.00009
580000     4395000     -23000    7.05616
580000     4395000     -24000    7.11234
580000     4400000     2000    3.63649
580000     4400000     1000    3.91268
580000     4400000     0    4.18872
580000     4400000     -1000    4.78871
580000     4400000     -2000    4.98049
580000     4400000     -3000    5.19705
580000     4400000     -4000    5.46157
580000     4400000     -5000    5.73597
580000     4400000     -6000    6.07142
580000     4400000     -7000    6.45421
580000     4400000     -8000    6.29553
580000     4400000     -9000    6.29455
580000     4400000     -10000    6.39828
580000     4400000     -11000    6.47105
580000     4400000     -12000    6.55793
580000     4400000     -13000    6.50431
580000     4400000     -14000    6.52872
580000     4400000     -15000    6.61748
580000     4400000     -16000    6.67338
580000     4400000     -17000    6.70111
580000     4400000     -18000    6.69157
580000     4400000     -19000    6.70228
580000     4400000     -20000    6.80493
580000     4400000     -21000    6.92627
580000     4400000     -22000    6.99817
580000     4400000     -23000    7.05598
580000     4400000     -24000    7.11238
580000     4405000     2000    3.63794
580000     4405000     1000    3.90849
580000     4405000     0    4.1636
580000     4405000     -1000    4.74431
580000     4405000     -2000    4.92589
580000     4405000     -3000    5.14554
580000     4405000     -4000    5.43025
580000     4405000     -5000    5.74745
580000     4405000     -6000    6.18955
580000     4405000     -7000    6.6089
580000     4405000     -8000    6.37695
580000     4405000     -9000    6.46571
580000     4405000     -10000    6.57161
580000     4405000     -11000    6.5671
580000     4405000     -12000    6.44577
580000     4405000     -13000    6.40865
580000     4405000     -14000    6.50201
580000     4405000     -15000    6.62338
580000     4405000     -16000    6.68156
580000     4405000     -17000    6.73184
580000     4405000     -18000    6.75727
580000     4405000     -19000    6.78837
580000     4405000     -20000    6.8694
580000     4405000     -21000    6.95142
580000     4405000     -22000    7.00061
580000     4405000     -23000    7.05573
580000     4405000     -24000    7.11226
580000     4410000     2000    3.63636
580000     4410000     1000    3.84174
580000     4410000     0    3.92866
580000     4410000     -1000    4.38306
580000     4410000     -2000    4.53087
580000     4410000     -3000    4.73744
580000     4410000     -4000    5.02244
580000     4410000     -5000    5.41813
580000     4410000     -6000    6.0287
580000     4410000     -7000    6.20375
580000     4410000     -8000    6.27512
580000     4410000     -9000    6.44561
580000     4410000     -10000    6.4798
580000     4410000     -11000    6.44905
580000     4410000     -12000    6.4175
580000     4410000     -13000    6.4234
580000     4410000     -14000    6.46199
580000     4410000     -15000    6.61823
580000     4410000     -16000    6.67383
580000     4410000     -17000    6.7123
580000     4410000     -18000    6.7921
580000     4410000     -19000    6.89085
580000     4410000     -20000    6.94156
580000     4410000     -21000    6.95629
580000     4410000     -22000    6.99949
580000     4410000     -23000    7.05548
580000     4410000     -24000    7.11228
580000     4415000     2000    3.64094
580000     4415000     1000    3.83833
580000     4415000     0    3.97021
580000     4415000     -1000    4.5286
580000     4415000     -2000    4.67308
580000     4415000     -3000    4.66145
580000     4415000     -4000    4.52606
580000     4415000     -5000    4.62099
580000     4415000     -6000    5.73247
580000     4415000     -7000    6.19979
580000     4415000     -8000    6.09719
580000     4415000     -9000    6.36163
580000     4415000     -10000    6.38041
580000     4415000     -11000    6.38336
580000     4415000     -12000    6.41664
580000     4415000     -13000    6.4502
580000     4415000     -14000    6.45144
580000     4415000     -15000    6.58764
580000     4415000     -16000    6.69563
580000     4415000     -17000    6.78006
580000     4415000     -18000    6.86224
580000     4415000     -19000    6.90023
580000     4415000     -20000    6.90812
580000     4415000     -21000    6.9443
580000     4415000     -22000    6.99864
580000     4415000     -23000    7.05574
580000     4415000     -24000    7.11234
580000     4420000     2000    3.63844
580000     4420000     1000    3.86562
580000     4420000     0    4.0617
580000     4420000     -1000    4.7545
580000     4420000     -2000    5.10046
580000     4420000     -3000    5.4209
580000     4420000     -4000    5.74434
580000     4420000     -5000    6.25343
580000     4420000     -6000    6.58963
580000     4420000     -7000    6.42212
580000     4420000     -8000    5.83384
580000     4420000     -9000    6.29925
580000     4420000     -10000    6.52445
580000     4420000     -11000    6.37459
580000     4420000     -12000    6.41431
580000     4420000     -13000    6.48615
580000     4420000     -14000    6.51689
580000     4420000     -15000    6.60502
580000     4420000     -16000    6.7867
580000     4420000     -17000    6.8815
580000     4420000     -18000    6.84493
580000     4420000     -19000    6.81183
580000     4420000     -20000    6.86976
580000     4420000     -21000    6.94014
580000     4420000     -22000    6.99944
580000     4420000     -23000    7.05607
580000     4420000     -24000    7.11235
580000     4425000     2000    3.63745
580000     4425000     1000    3.91744
580000     4425000     0    4.21988
580000     4425000     -1000    4.87167
580000     4425000     -2000    5.11032
580000     4425000     -3000    5.05788
580000     4425000     -4000    5.23799
580000     4425000     -5000    5.421
580000     4425000     -6000    5.16251
580000     4425000     -7000    5.818
580000     4425000     -8000    5.87263
580000     4425000     -9000    6.23259
580000     4425000     -10000    6.319
580000     4425000     -11000    6.25788
580000     4425000     -12000    6.34731
580000     4425000     -13000    6.50598
580000     4425000     -14000    6.61992
580000     4425000     -15000    6.7063
580000     4425000     -16000    6.82538
580000     4425000     -17000    6.82997
580000     4425000     -18000    6.83073
580000     4425000     -19000    6.81407
580000     4425000     -20000    6.83942
580000     4425000     -21000    6.93518
580000     4425000     -22000    6.99943
580000     4425000     -23000    7.05615
580000     4425000     -24000    7.11235
580000     4430000     2000    3.63739
580000     4430000     1000    3.92728
580000     4430000     0    4.23126
580000     4430000     -1000    4.80288
580000     4430000     -2000    4.97882
580000     4430000     -3000    5.08005
580000     4430000     -4000    5.32604
580000     4430000     -5000    5.81112
580000     4430000     -6000    5.8684
580000     4430000     -7000    5.82279
580000     4430000     -8000    6.02843
580000     4430000     -9000    6.33643
580000     4430000     -10000    6.40234
580000     4430000     -11000    6.43895
580000     4430000     -12000    6.51649
580000     4430000     -13000    6.57379
580000     4430000     -14000    6.62606
580000     4430000     -15000    6.57871
580000     4430000     -16000    6.63757
580000     4430000     -17000    6.69289
580000     4430000     -18000    6.79751
580000     4430000     -19000    6.85724
580000     4430000     -20000    6.87798
580000     4430000     -21000    6.94126
580000     4430000     -22000    6.99989
580000     4430000     -23000    7.05613
580000     4430000     -24000    7.11233
580000     4435000     2000    3.63637
580000     4435000     1000    3.91721
580000     4435000     0    4.20334
580000     4435000     -1000    4.77308
580000     4435000     -2000    4.93782
580000     4435000     -3000    5.13989
580000     4435000     -4000    5.25353
580000     4435000     -5000    5.42251
580000     4435000     -6000    5.71899
580000     4435000     -7000    5.83604
580000     4435000     -8000    6.12696
580000     4435000     -9000    6.22189
580000     4435000     -10000    6.33425
580000     4435000     -11000    6.4051
580000     4435000     -12000    6.47327
580000     4435000     -13000    6.53871
580000     4435000     -14000    6.82458
580000     4435000     -15000    6.6709
580000     4435000     -16000    6.66091
580000     4435000     -17000    6.71893
580000     4435000     -18000    6.78324
580000     4435000     -19000    6.83333
580000     4435000     -20000    6.88145
580000     4435000     -21000    6.94276
580000     4435000     -22000    7.00002
580000     4435000     -23000    7.05612
580000     4435000     -24000    7.11233
580000     4440000     2000    3.63693
580000     4440000     1000    3.9131
580000     4440000     0    4.18869
580000     4440000     -1000    4.7664
580000     4440000     -2000    4.87011
580000     4440000     -3000    5.00526
580000     4440000     -4000    5.08524
580000     4440000     -5000    5.20955
580000     4440000     -6000    5.58514
580000     4440000     -7000    6.44243
580000     4440000     -8000    6.25908
580000     4440000     -9000    6.44195
580000     4440000     -10000    6.23721
580000     4440000     -11000    6.29137
580000     4440000     -12000    6.43578
580000     4440000     -13000    6.49746
580000     4440000     -14000    6.65263
580000     4440000     -15000    6.70555
580000     4440000     -16000    6.7568
580000     4440000     -17000    6.79949
580000     4440000     -18000    6.8121
580000     4440000     -19000    6.80673
580000     4440000     -20000    6.84503
580000     4440000     -21000    6.93446
580000     4440000     -22000    6.99918
580000     4440000     -23000    7.05611
580000     4440000     -24000    7.11235
580000     4445000     2000    3.63829
580000     4445000     1000    3.89963
580000     4445000     0    4.14994
580000     4445000     -1000    4.68499
580000     4445000     -2000    4.7742
580000     4445000     -3000    4.91569
580000     4445000     -4000    5.15754
580000     4445000     -5000    5.49964
580000     4445000     -6000    6.00192
580000     4445000     -7000    6.37191
580000     4445000     -8000    6.36737
580000     4445000     -9000    6.53742
580000     4445000     -10000    6.45711
580000     4445000     -11000    6.4167
580000     4445000     -12000    6.45658
580000     4445000     -13000    6.52626
580000     4445000     -14000    6.64118
580000     4445000     -15000    6.69001
580000     4445000     -16000    6.72078
580000     4445000     -17000    6.74429
580000     4445000     -18000    6.76807
580000     4445000     -19000    6.80419
580000     4445000     -20000    6.86178
580000     4445000     -21000    6.93839
580000     4445000     -22000    6.99955
580000     4445000     -23000    7.05611
580000     4445000     -24000    7.11234
580000     4450000     2000    3.63816
580000     4450000     1000    3.89544
580000     4450000     0    4.15764
580000     4450000     -1000    4.75265
580000     4450000     -2000    4.95236
580000     4450000     -3000    5.1814
580000     4450000     -4000    5.45509
580000     4450000     -5000    5.74196
580000     4450000     -6000    6.07067
580000     4450000     -7000    6.28433
580000     4450000     -8000    6.28064
580000     4450000     -9000    6.28365
580000     4450000     -10000    6.3309
580000     4450000     -11000    6.40778
580000     4450000     -12000    6.47855
580000     4450000     -13000    6.53452
580000     4450000     -14000    6.58963
580000     4450000     -15000    6.63593
580000     4450000     -16000    6.68287
580000     4450000     -17000    6.73045
580000     4450000     -18000    6.77615
580000     4450000     -19000    6.82776
580000     4450000     -20000    6.88438
580000     4450000     -21000    6.94321
580000     4450000     -22000    6.99988
580000     4450000     -23000    7.05608
580000     4450000     -24000    7.11233
580000     4455000     2000    3.6371
580000     4455000     1000    3.91159
580000     4455000     0    4.18702
580000     4455000     -1000    4.78814
580000     4455000     -2000    4.98221
580000     4455000     -3000    5.19873
580000     4455000     -4000    5.46027
580000     4455000     -5000    5.73484
580000     4455000     -6000    6.03686
580000     4455000     -7000    6.24171
580000     4455000     -8000    6.2623
580000     4455000     -9000    6.30317
580000     4455000     -10000    6.37567
580000     4455000     -11000    6.44224
580000     4455000     -12000    6.4944
580000     4455000     -13000    6.54132
580000     4455000     -14000    6.58818
580000     4455000     -15000    6.635
580000     4455000     -16000    6.6825
580000     4455000     -17000    6.73029
580000     4455000     -18000    6.77777
580000     4455000     -19000    6.83098
580000     4455000     -20000    6.88725
580000     4455000     -21000    6.94359
580000     4455000     -22000    6.9998
580000     4455000     -23000    7.05605
580000     4455000     -24000    7.11233
580000     4460000     2000    3.63643
580000     4460000     1000    3.91207
580000     4460000     0    4.18758
580000     4460000     -1000    4.78674
580000     4460000     -2000    4.97839
580000     4460000     -3000    5.19281
580000     4460000     -4000    5.4538
580000     4460000     -5000    5.7306
580000     4460000     -6000    6.03895
580000     4460000     -7000    6.25932
580000     4460000     -8000    6.30265
580000     4460000     -9000    6.34889
580000     4460000     -10000    6.39938
580000     4460000     -11000    6.44814
580000     4460000     -12000    6.49461
580000     4460000     -13000    6.54117
580000     4460000     -14000    6.58823
580000     4460000     -15000    6.63549
580000     4460000     -16000    6.68287
580000     4460000     -17000    6.73029
580000     4460000     -18000    6.77769
580000     4460000     -19000    6.83096
580000     4460000     -20000    6.88724
580000     4460000     -21000    6.94349
580000     4460000     -22000    6.99976
580000     4460000     -23000    7.05604
580000     4460000     -24000    7.11233
580000     4465000     2000    3.63634
580000     4465000     1000    3.91125
580000     4465000     0    4.1861
580000     4465000     -1000    4.78467
580000     4465000     -2000    4.97647
580000     4465000     -3000    5.19115
580000     4465000     -4000    5.45231
580000     4465000     -5000    5.72938
580000     4465000     -6000    6.03864
580000     4465000     -7000    6.26124
580000     4465000     -8000    6.30771
580000     4465000     -9000    6.3542
580000     4465000     -10000    6.40089
580000     4465000     -11000    6.44737
580000     4465000     -12000    6.49377
580000     4465000     -13000    6.54077
580000     4465000     -14000    6.58812
580000     4465000     -15000    6.6355
580000     4465000     -16000    6.68288
580000     4465000     -17000    6.73026
580000     4465000     -18000    6.77764
580000     4465000     -19000    6.8309
580000     4465000     -20000    6.88719
580000     4465000     -21000    6.94347
580000     4465000     -22000    6.99976
580000     4465000     -23000    7.05604
580000     4465000     -24000    7.11233
580000     4470000     2000    3.63635
580000     4470000     1000    3.91107
580000     4470000     0    4.18578
580000     4470000     -1000    4.78432
580000     4470000     -2000    4.97623
580000     4470000     -3000    5.191
580000     4470000     -4000    5.45215
580000     4470000     -5000    5.72913
580000     4470000     -6000    6.03826
580000     4470000     -7000    6.26079
580000     4470000     -8000    6.30741
580000     4470000     -9000    6.35397
580000     4470000     -10000    6.40051
580000     4470000     -11000    6.44705
580000     4470000     -12000    6.49361
580000     4470000     -13000    6.54072
580000     4470000     -14000    6.58811
580000     4470000     -15000    6.63549
580000     4470000     -16000    6.68288
580000     4470000     -17000    6.73026
580000     4470000     -18000    6.77764
580000     4470000     -19000    6.8309
580000     4470000     -20000    6.88719
580000     4470000     -21000    6.94347
580000     4470000     -22000    6.99976
580000     4470000     -23000    7.05604
580000     4470000     -24000    7.11233
580000     4475000     2000    3.63636
580000     4475000     1000    3.91107
580000     4475000     0    4.18578
580000     4475000     -1000    4.78434
580000     4475000     -2000    4.97626
580000     4475000     -3000    5.19103
580000     4475000     -4000    5.45217
580000     4475000     -5000    5.72913
580000     4475000     -6000    6.03821
580000     4475000     -7000    6.26067
580000     4475000     -8000    6.30727
580000     4475000     -9000    6.35386
580000     4475000     -10000    6.40044
580000     4475000     -11000    6.44702
580000     4475000     -12000    6.49361
580000     4475000     -13000    6.54073
580000     4475000     -14000    6.58811
580000     4475000     -15000    6.6355
580000     4475000     -16000    6.68288
580000     4475000     -17000    6.73026
580000     4475000     -18000    6.77764
580000     4475000     -19000    6.8309
580000     4475000     -20000    6.88719
580000     4475000     -21000    6.94347
580000     4475000     -22000    6.99976
580000     4475000     -23000    7.05604
580000     4475000     -24000    7.11233
580000     4480000     2000    3.63636
580000     4480000     1000    3.91108
580000     4480000     0    4.18579
580000     4480000     -1000    4.78435
580000     4480000     -2000    4.97628
580000     4480000     -3000    5.19104
580000     4480000     -4000    5.45218
580000     4480000     -5000    5.72914
580000     4480000     -6000    6.03821
580000     4480000     -7000    6.26067
580000     4480000     -8000    6.30726
580000     4480000     -9000    6.35385
580000     4480000     -10000    6.40044
580000     4480000     -11000    6.44703
580000     4480000     -12000    6.49362
580000     4480000     -13000    6.54073
580000     4480000     -14000    6.58811
580000     4480000     -15000    6.6355
580000     4480000     -16000    6.68288
580000     4480000     -17000    6.73026
580000     4480000     -18000    6.77764
580000     4480000     -19000    6.8309
580000     4480000     -20000    6.88719
580000     4480000     -21000    6.94347
580000     4480000     -22000    6.99976
580000     4480000     -23000    7.05604
580000     4480000     -24000    7.11233
