565000     4360000     2000    3.63636
565000     4360000     1000    3.91107
565000     4360000     0    4.18578
565000     4360000     -1000    4.78433
565000     4360000     -2000    4.97627
565000     4360000     -3000    5.19103
565000     4360000     -4000    5.45218
565000     4360000     -5000    5.72914
565000     4360000     -6000    6.03822
565000     4360000     -7000    6.26068
565000     4360000     -8000    6.30727
565000     4360000     -9000    6.35385
565000     4360000     -10000    6.40044
565000     4360000     -11000    6.44703
565000     4360000     -12000    6.49362
565000     4360000     -13000    6.54073
565000     4360000     -14000    6.58811
565000     4360000     -15000    6.6355
565000     4360000     -16000    6.68288
565000     4360000     -17000    6.73026
565000     4360000     -18000    6.77764
565000     4360000     -19000    6.8309
565000     4360000     -20000    6.88719
565000     4360000     -21000    6.94347
565000     4360000     -22000    6.99976
565000     4360000     -23000    7.05604
565000     4360000     -24000    7.11233
565000     4365000     2000    3.63636
565000     4365000     1000    3.91107
565000     4365000     0    4.1858
565000     4365000     -1000    4.78434
565000     4365000     -2000    4.97624
565000     4365000     -3000    5.19098
565000     4365000     -4000    5.45211
565000     4365000     -5000    5.72908
565000     4365000     -6000    6.03817
565000     4365000     -7000    6.26065
565000     4365000     -8000    6.30725
565000     4365000     -9000    6.35385
565000     4365000     -10000    6.40044
565000     4365000     -11000    6.44703
565000     4365000     -12000    6.49362
565000     4365000     -13000    6.54073
565000     4365000     -14000    6.58811
565000     4365000     -15000    6.6355
565000     4365000     -16000    6.68288
565000     4365000     -17000    6.73026
565000     4365000     -18000    6.77764
565000     4365000     -19000    6.8309
565000     4365000     -20000    6.88719
565000     4365000     -21000    6.94347
565000     4365000     -22000    6.99976
565000     4365000     -23000    7.05604
565000     4365000     -24000    7.11233
565000     4370000     2000    3.63635
565000     4370000     1000    3.91115
565000     4370000     0    4.18599
565000     4370000     -1000    4.78461
565000     4370000     -2000    4.97644
565000     4370000     -3000    5.19109
565000     4370000     -4000    5.45215
565000     4370000     -5000    5.72907
565000     4370000     -6000    6.03812
565000     4370000     -7000    6.26059
565000     4370000     -8000    6.30721
565000     4370000     -9000    6.35382
565000     4370000     -10000    6.40043
565000     4370000     -11000    6.44702
565000     4370000     -12000    6.49361
565000     4370000     -13000    6.54073
565000     4370000     -14000    6.58811
565000     4370000     -15000    6.63549
565000     4370000     -16000    6.68288
565000     4370000     -17000    6.73026
565000     4370000     -18000    6.77764
565000     4370000     -19000    6.8309
565000     4370000     -20000    6.88719
565000     4370000     -21000    6.94347
565000     4370000     -22000    6.99976
565000     4370000     -23000    7.05604
565000     4370000     -24000    7.11233
565000     4375000     2000    3.63636
565000     4375000     1000    3.91128
565000     4375000     0    4.18623
565000     4375000     -1000    4.78507
565000     4375000     -2000    4.97699
565000     4375000     -3000    5.19167
565000     4375000     -4000    5.4527
565000     4375000     -5000    5.72952
565000     4375000     -6000    6.03845
565000     4375000     -7000    6.26075
565000     4375000     -8000    6.30724
565000     4375000     -9000    6.35383
565000     4375000     -10000    6.40044
565000     4375000     -11000    6.44704
565000     4375000     -12000    6.49362
565000     4375000     -13000    6.54073
565000     4375000     -14000    6.58811
565000     4375000     -15000    6.63549
565000     4375000     -16000    6.68287
565000     4375000     -17000    6.73025
565000     4375000     -18000    6.77764
565000     4375000     -19000    6.8309
565000     4375000     -20000    6.88719
565000     4375000     -21000    6.94347
565000     4375000     -22000    6.99976
565000     4375000     -23000    7.05604
565000     4375000     -24000    7.11233
565000     4380000     2000    3.63635
565000     4380000     1000    3.91123
565000     4380000     0    4.1862
565000     4380000     -1000    4.78509
565000     4380000     -2000    4.97717
565000     4380000     -3000    5.19208
565000     4380000     -4000    5.45336
565000     4380000     -5000    5.73045
565000     4380000     -6000    6.03954
565000     4380000     -7000    6.26169
565000     4380000     -8000    6.30775
565000     4380000     -9000    6.35409
565000     4380000     -10000    6.40062
565000     4380000     -11000    6.44719
565000     4380000     -12000    6.49374
565000     4380000     -13000    6.54081
565000     4380000     -14000    6.58817
565000     4380000     -15000    6.63553
565000     4380000     -16000    6.6829
565000     4380000     -17000    6.73026
565000     4380000     -18000    6.77763
565000     4380000     -19000    6.83089
565000     4380000     -20000    6.88718
565000     4380000     -21000    6.94347
565000     4380000     -22000    6.99976
565000     4380000     -23000    7.05604
565000     4380000     -24000    7.11233
565000     4385000     2000    3.63635
565000     4385000     1000    3.91109
565000     4385000     0    4.18589
565000     4385000     -1000    4.78458
565000     4385000     -2000    4.97665
565000     4385000     -3000    5.19167
565000     4385000     -4000    5.45321
565000     4385000     -5000    5.73061
565000     4385000     -6000    6.04009
565000     4385000     -7000    6.26285
565000     4385000     -8000    6.30878
565000     4385000     -9000    6.35467
565000     4385000     -10000    6.40097
565000     4385000     -11000    6.44745
565000     4385000     -12000    6.49393
565000     4385000     -13000    6.54099
565000     4385000     -14000    6.58836
565000     4385000     -15000    6.6357
565000     4385000     -16000    6.68304
565000     4385000     -17000    6.73037
565000     4385000     -18000    6.77771
565000     4385000     -19000    6.83095
565000     4385000     -20000    6.88723
565000     4385000     -21000    6.94347
565000     4385000     -22000    6.99975
565000     4385000     -23000    7.05604
565000     4385000     -24000    7.11233
565000     4390000     2000    3.63636
565000     4390000     1000    3.91104
565000     4390000     0    4.18572
565000     4390000     -1000    4.78425
565000     4390000     -2000    4.9762
565000     4390000     -3000    5.19108
565000     4390000     -4000    5.45262
565000     4390000     -5000    5.73044
565000     4390000     -6000    6.03991
565000     4390000     -7000    6.26228
565000     4390000     -8000    6.30933
565000     4390000     -9000    6.35535
565000     4390000     -10000    6.40139
565000     4390000     -11000    6.44754
565000     4390000     -12000    6.49385
565000     4390000     -13000    6.54091
565000     4390000     -14000    6.58827
565000     4390000     -15000    6.63572
565000     4390000     -16000    6.6832
565000     4390000     -17000    6.73064
565000     4390000     -18000    6.77804
565000     4390000     -19000    6.83134
565000     4390000     -20000    6.88755
565000     4390000     -21000    6.94362
565000     4390000     -22000    6.99978
565000     4390000     -23000    7.05604
565000     4390000     -24000    7.11233
565000     4395000     2000    3.63635
565000     4395000     1000    3.91096
565000     4395000     0    4.1856
565000     4395000     -1000    4.78405
565000     4395000     -2000    4.97597
565000     4395000     -3000    5.19077
565000     4395000     -4000    5.4521
565000     4395000     -5000    5.72972
565000     4395000     -6000    6.03942
565000     4395000     -7000    6.26086
565000     4395000     -8000    6.3092
565000     4395000     -9000    6.35513
565000     4395000     -10000    6.40138
565000     4395000     -11000    6.44733
565000     4395000     -12000    6.49364
565000     4395000     -13000    6.54117
565000     4395000     -14000    6.5884
565000     4395000     -15000    6.63571
565000     4395000     -16000    6.68298
565000     4395000     -17000    6.7305
565000     4395000     -18000    6.77827
565000     4395000     -19000    6.83179
565000     4395000     -20000    6.88775
565000     4395000     -21000    6.94392
565000     4395000     -22000    6.99988
565000     4395000     -23000    7.05606
565000     4395000     -24000    7.11233
565000     4400000     2000    3.63629
565000     4400000     1000    3.91098
565000     4400000     0    4.18612
565000     4400000     -1000    4.78444
565000     4400000     -2000    4.97587
565000     4400000     -3000    5.19039
565000     4400000     -4000    5.45151
565000     4400000     -5000    5.72896
565000     4400000     -6000    6.03885
565000     4400000     -7000    6.26044
565000     4400000     -8000    6.31329
565000     4400000     -9000    6.35507
565000     4400000     -10000    6.40055
565000     4400000     -11000    6.4473
565000     4400000     -12000    6.49513
565000     4400000     -13000    6.54242
565000     4400000     -14000    6.58847
565000     4400000     -15000    6.63585
565000     4400000     -16000    6.68345
565000     4400000     -17000    6.73118
565000     4400000     -18000    6.77815
565000     4400000     -19000    6.82891
565000     4400000     -20000    6.88318
565000     4400000     -21000    6.94335
565000     4400000     -22000    6.99984
565000     4400000     -23000    7.05603
565000     4400000     -24000    7.11233
565000     4405000     2000    3.63619
565000     4405000     1000    3.91221
565000     4405000     0    4.19087
565000     4405000     -1000    4.79007
565000     4405000     -2000    4.97907
565000     4405000     -3000    5.19169
565000     4405000     -4000    5.45184
565000     4405000     -5000    5.729
565000     4405000     -6000    6.03722
565000     4405000     -7000    6.25124
565000     4405000     -8000    6.33221
565000     4405000     -9000    6.36006
565000     4405000     -10000    6.40101
565000     4405000     -11000    6.44823
565000     4405000     -12000    6.49718
565000     4405000     -13000    6.54532
565000     4405000     -14000    6.58965
565000     4405000     -15000    6.63651
565000     4405000     -16000    6.68361
565000     4405000     -17000    6.72892
565000     4405000     -18000    6.76914
565000     4405000     -19000    6.81404
565000     4405000     -20000    6.87485
565000     4405000     -21000    6.94536
565000     4405000     -22000    6.99993
565000     4405000     -23000    7.05589
565000     4405000     -24000    7.11231
565000     4410000     2000    3.63637
565000     4410000     1000    3.91345
565000     4410000     0    4.19384
565000     4410000     -1000    4.79874
565000     4410000     -2000    4.98952
565000     4410000     -3000    5.19992
565000     4410000     -4000    5.45732
565000     4410000     -5000    5.73112
565000     4410000     -6000    6.03362
565000     4410000     -7000    6.25135
565000     4410000     -8000    6.37232
565000     4410000     -9000    6.37253
565000     4410000     -10000    6.40474
565000     4410000     -11000    6.45233
565000     4410000     -12000    6.50955
565000     4410000     -13000    6.55002
565000     4410000     -14000    6.59103
565000     4410000     -15000    6.63609
565000     4410000     -16000    6.6742
565000     4410000     -17000    6.69748
565000     4410000     -18000    6.70943
565000     4410000     -19000    6.772
565000     4410000     -20000    6.87785
565000     4410000     -21000    6.94527
565000     4410000     -22000    6.99949
565000     4410000     -23000    7.05582
565000     4410000     -24000    7.11232
565000     4415000     2000    3.63646
565000     4415000     1000    3.91281
565000     4415000     0    4.18843
565000     4415000     -1000    4.7877
565000     4415000     -2000    4.97916
565000     4415000     -3000    5.19467
565000     4415000     -4000    5.45707
565000     4415000     -5000    5.72857
565000     4415000     -6000    6.0244
565000     4415000     -7000    6.26963
565000     4415000     -8000    6.39339
565000     4415000     -9000    6.3743
565000     4415000     -10000    6.411
565000     4415000     -11000    6.46446
565000     4415000     -12000    6.51813
565000     4415000     -13000    6.5481
565000     4415000     -14000    6.58838
565000     4415000     -15000    6.61962
565000     4415000     -16000    6.61669
565000     4415000     -17000    6.60458
565000     4415000     -18000    6.68697
565000     4415000     -19000    6.8131
565000     4415000     -20000    6.89092
565000     4415000     -21000    6.94365
565000     4415000     -22000    6.99923
565000     4415000     -23000    7.05591
565000     4415000     -24000    7.11234
565000     4420000     2000    3.63648
565000     4420000     1000    3.91205
565000     4420000     0    4.18733
565000     4420000     -1000    4.7879
565000     4420000     -2000    4.97958
565000     4420000     -3000    5.19402
565000     4420000     -4000    5.44984
565000     4420000     -5000    5.72356
565000     4420000     -6000    6.03833
565000     4420000     -7000    6.34856
565000     4420000     -8000    6.40108
565000     4420000     -9000    6.37325
565000     4420000     -10000    6.42353
565000     4420000     -11000    6.46552
565000     4420000     -12000    6.50366
565000     4420000     -13000    6.54102
565000     4420000     -14000    6.57009
565000     4420000     -15000    6.57839
565000     4420000     -16000    6.61094
565000     4420000     -17000    6.6914
565000     4420000     -18000    6.77636
565000     4420000     -19000    6.83711
565000     4420000     -20000    6.88805
565000     4420000     -21000    6.94276
565000     4420000     -22000    6.99948
565000     4420000     -23000    7.05602
565000     4420000     -24000    7.11234
565000     4425000     2000    3.63672
565000     4425000     1000    3.90788
565000     4425000     0    4.17507
565000     4425000     -1000    4.77594
565000     4425000     -2000    4.96591
565000     4425000     -3000    5.18112
565000     4425000     -4000    5.44196
565000     4425000     -5000    5.73083
565000     4425000     -6000    6.06097
565000     4425000     -7000    6.48773
565000     4425000     -8000    6.44155
565000     4425000     -9000    6.36518
565000     4425000     -10000    6.42139
565000     4425000     -11000    6.4455
565000     4425000     -12000    6.48706
565000     4425000     -13000    6.53117
565000     4425000     -14000    6.57641
565000     4425000     -15000    6.6307
565000     4425000     -16000    6.69756
565000     4425000     -17000    6.75179
565000     4425000     -18000    6.78671
565000     4425000     -19000    6.83166
565000     4425000     -20000    6.88636
565000     4425000     -21000    6.94311
565000     4425000     -22000    6.99971
565000     4425000     -23000    7.05606
565000     4425000     -24000    7.11233
565000     4430000     2000    3.6369
565000     4430000     1000    3.90687
565000     4430000     0    4.1681
565000     4430000     -1000    4.7628
565000     4430000     -2000    4.95758
565000     4430000     -3000    5.18347
565000     4430000     -4000    5.45527
565000     4430000     -5000    5.76087
565000     4430000     -6000    6.02097
565000     4430000     -7000    5.95675
565000     4430000     -8000    6.07736
565000     4430000     -9000    6.15888
565000     4430000     -10000    6.27535
565000     4430000     -11000    6.36432
565000     4430000     -12000    6.46715
565000     4430000     -13000    6.54514
565000     4430000     -14000    6.61222
565000     4430000     -15000    6.67573
565000     4430000     -16000    6.71524
565000     4430000     -17000    6.74036
565000     4430000     -18000    6.77824
565000     4430000     -19000    6.83006
565000     4430000     -20000    6.88678
565000     4430000     -21000    6.9434
565000     4430000     -22000    6.99976
565000     4430000     -23000    7.05605
565000     4430000     -24000    7.11233
565000     4435000     2000    3.63657
565000     4435000     1000    3.91182
565000     4435000     0    4.18588
565000     4435000     -1000    4.78616
565000     4435000     -2000    4.9811
565000     4435000     -3000    5.19927
565000     4435000     -4000    5.46006
565000     4435000     -5000    5.76645
565000     4435000     -6000    6.05185
565000     4435000     -7000    5.88011
565000     4435000     -8000    5.9962
565000     4435000     -9000    6.04641
565000     4435000     -10000    6.19547
565000     4435000     -11000    6.33387
565000     4435000     -12000    6.45882
565000     4435000     -13000    6.55288
565000     4435000     -14000    6.62077
565000     4435000     -15000    6.65378
565000     4435000     -16000    6.6888
565000     4435000     -17000    6.73102
565000     4435000     -18000    6.77731
565000     4435000     -19000    6.83069
565000     4435000     -20000    6.88718
565000     4435000     -21000    6.94349
565000     4435000     -22000    6.99976
565000     4435000     -23000    7.05604
565000     4435000     -24000    7.11233
565000     4440000     2000    3.63654
565000     4440000     1000    3.9126
565000     4440000     0    4.18905
565000     4440000     -1000    4.7902
565000     4440000     -2000    4.98106
565000     4440000     -3000    5.18808
565000     4440000     -4000    5.43864
565000     4440000     -5000    5.73928
565000     4440000     -6000    6.10024
565000     4440000     -7000    6.31966
565000     4440000     -8000    6.36248
565000     4440000     -9000    6.2428
565000     4440000     -10000    6.28461
565000     4440000     -11000    6.39695
565000     4440000     -12000    6.48039
565000     4440000     -13000    6.52386
565000     4440000     -14000    6.57043
565000     4440000     -15000    6.62454
565000     4440000     -16000    6.67743
565000     4440000     -17000    6.7278
565000     4440000     -18000    6.77721
565000     4440000     -19000    6.83104
565000     4440000     -20000    6.88739
565000     4440000     -21000    6.94356
565000     4440000     -22000    6.99977
565000     4440000     -23000    7.05604
565000     4440000     -24000    7.11233
565000     4445000     2000    3.63714
565000     4445000     1000    3.90939
565000     4445000     0    4.18191
565000     4445000     -1000    4.77811
565000     4445000     -2000    4.96581
565000     4445000     -3000    5.17861
565000     4445000     -4000    5.44063
565000     4445000     -5000    5.70532
565000     4445000     -6000    5.98715
565000     4445000     -7000    6.30201
565000     4445000     -8000    6.45063
565000     4445000     -9000    6.38845
565000     4445000     -10000    6.40623
565000     4445000     -11000    6.44729
565000     4445000     -12000    6.4757
565000     4445000     -13000    6.50853
565000     4445000     -14000    6.55945
565000     4445000     -15000    6.61989
565000     4445000     -16000    6.67679
565000     4445000     -17000    6.72829
565000     4445000     -18000    6.77766
565000     4445000     -19000    6.83124
565000     4445000     -20000    6.88742
565000     4445000     -21000    6.94355
565000     4445000     -22000    6.99977
565000     4445000     -23000    7.05604
565000     4445000     -24000    7.11233
565000     4450000     2000    3.63752
565000     4450000     1000    3.90358
565000     4450000     0    4.17151
565000     4450000     -1000    4.7643
565000     4450000     -2000    4.94486
565000     4450000     -3000    5.12828
565000     4450000     -4000    5.3347
565000     4450000     -5000    5.56833
565000     4450000     -6000    5.94234
565000     4450000     -7000    6.30678
565000     4450000     -8000    6.3788
565000     4450000     -9000    6.37846
565000     4450000     -10000    6.40627
565000     4450000     -11000    6.44767
565000     4450000     -12000    6.49048
565000     4450000     -13000    6.53604
565000     4450000     -14000    6.58459
565000     4450000     -15000    6.6342
565000     4450000     -16000    6.68298
565000     4450000     -17000    6.73075
565000     4450000     -18000    6.77811
565000     4450000     -19000    6.83116
565000     4450000     -20000    6.88728
565000     4450000     -21000    6.94349
565000     4450000     -22000    6.99976
565000     4450000     -23000    7.05604
565000     4450000     -24000    7.11233
565000     4455000     2000    3.63447
565000     4455000     1000    3.87734
565000     4455000     0    4.1045
565000     4455000     -1000    4.63952
565000     4455000     -2000    4.80962
565000     4455000     -3000    5.04015
565000     4455000     -4000    5.33472
565000     4455000     -5000    5.66535
565000     4455000     -6000    6.01312
565000     4455000     -7000    6.26129
565000     4455000     -8000    6.31279
565000     4455000     -9000    6.35528
565000     4455000     -10000    6.40095
565000     4455000     -11000    6.44761
565000     4455000     -12000    6.49395
565000     4455000     -13000    6.54095
565000     4455000     -14000    6.58842
565000     4455000     -15000    6.63591
565000     4455000     -16000    6.68326
565000     4455000     -17000    6.73052
565000     4455000     -18000    6.77778
565000     4455000     -19000    6.83094
565000     4455000     -20000    6.88719
565000     4455000     -21000    6.94346
565000     4455000     -22000    6.99976
565000     4455000     -23000    7.05604
565000     4455000     -24000    7.11233
565000     4460000     2000    3.63447
565000     4460000     1000    3.88249
565000     4460000     0    4.13308
565000     4460000     -1000    4.72436
565000     4460000     -2000    4.9324
565000     4460000     -3000    5.15925
565000     4460000     -4000    5.43363
565000     4460000     -5000    5.72417
565000     4460000     -6000    6.03922
565000     4460000     -7000    6.26265
565000     4460000     -8000    6.30833
565000     4460000     -9000    6.35421
565000     4460000     -10000    6.4007
565000     4460000     -11000    6.44726
565000     4460000     -12000    6.49379
565000     4460000     -13000    6.54088
565000     4460000     -14000    6.58825
565000     4460000     -15000    6.6356
565000     4460000     -16000    6.68294
565000     4460000     -17000    6.73029
565000     4460000     -18000    6.77765
565000     4460000     -19000    6.83089
565000     4460000     -20000    6.88718
565000     4460000     -21000    6.94347
565000     4460000     -22000    6.99976
565000     4460000     -23000    7.05604
565000     4460000     -24000    7.11233
565000     4465000     2000    3.6367
565000     4465000     1000    3.90777
565000     4465000     0    4.17986
565000     4465000     -1000    4.77883
565000     4465000     -2000    4.9737
565000     4465000     -3000    5.18999
565000     4465000     -4000    5.45242
565000     4465000     -5000    5.73038
565000     4465000     -6000    6.03947
565000     4465000     -7000    6.2614
565000     4465000     -8000    6.30755
565000     4465000     -9000    6.35396
565000     4465000     -10000    6.40049
565000     4465000     -11000    6.44705
565000     4465000     -12000    6.49363
565000     4465000     -13000    6.54074
565000     4465000     -14000    6.58812
565000     4465000     -15000    6.6355
565000     4465000     -16000    6.68288
565000     4465000     -17000    6.73025
565000     4465000     -18000    6.77763
565000     4465000     -19000    6.8309
565000     4465000     -20000    6.88719
565000     4465000     -21000    6.94347
565000     4465000     -22000    6.99976
565000     4465000     -23000    7.05604
565000     4465000     -24000    7.11233
565000     4470000     2000    3.63643
565000     4470000     1000    3.91114
565000     4470000     0    4.18589
565000     4470000     -1000    4.7847
565000     4470000     -2000    4.97679
565000     4470000     -3000    5.19153
565000     4470000     -4000    5.4526
565000     4470000     -5000    5.72946
565000     4470000     -6000    6.0384
565000     4470000     -7000    6.26074
565000     4470000     -8000    6.30727
565000     4470000     -9000    6.35385
565000     4470000     -10000    6.40043
565000     4470000     -11000    6.44702
565000     4470000     -12000    6.49362
565000     4470000     -13000    6.54073
565000     4470000     -14000    6.58811
565000     4470000     -15000    6.6355
565000     4470000     -16000    6.68288
565000     4470000     -17000    6.73026
565000     4470000     -18000    6.77764
565000     4470000     -19000    6.8309
565000     4470000     -20000    6.88719
565000     4470000     -21000    6.94347
565000     4470000     -22000    6.99976
565000     4470000     -23000    7.05604
565000     4470000     -24000    7.11233
565000     4475000     2000    3.63636
565000     4475000     1000    3.91114
565000     4475000     0    4.1859
565000     4475000     -1000    4.78449
565000     4475000     -2000    4.97639
565000     4475000     -3000    5.19112
565000     4475000     -4000    5.45223
565000     4475000     -5000    5.72915
565000     4475000     -6000    6.03821
565000     4475000     -7000    6.26066
565000     4475000     -8000    6.30725
565000     4475000     -9000    6.35385
565000     4475000     -10000    6.40044
565000     4475000     -11000    6.44703
565000     4475000     -12000    6.49362
565000     4475000     -13000    6.54073
565000     4475000     -14000    6.58811
565000     4475000     -15000    6.6355
565000     4475000     -16000    6.68288
565000     4475000     -17000    6.73026
565000     4475000     -18000    6.77764
565000     4475000     -19000    6.8309
565000     4475000     -20000    6.88719
565000     4475000     -21000    6.94347
565000     4475000     -22000    6.99976
565000     4475000     -23000    7.05604
565000     4475000     -24000    7.11233
565000     4480000     2000    3.63636
565000     4480000     1000    3.91108
565000     4480000     0    4.1858
565000     4480000     -1000    4.78436
565000     4480000     -2000    4.97628
565000     4480000     -3000    5.19104
565000     4480000     -4000    5.45217
565000     4480000     -5000    5.72913
565000     4480000     -6000    6.03821
565000     4480000     -7000    6.26067
565000     4480000     -8000    6.30726
565000     4480000     -9000    6.35385
565000     4480000     -10000    6.40044
565000     4480000     -11000    6.44703
565000     4480000     -12000    6.49362
565000     4480000     -13000    6.54073
565000     4480000     -14000    6.58811
565000     4480000     -15000    6.6355
565000     4480000     -16000    6.68288
565000     4480000     -17000    6.73026
565000     4480000     -18000    6.77764
565000     4480000     -19000    6.8309
565000     4480000     -20000    6.88719
565000     4480000     -21000    6.94347
565000     4480000     -22000    6.99976
565000     4480000     -23000    7.05604
565000     4480000     -24000    7.11233
