570000     4360000     2000    3.63636
570000     4365000     2000    3.63634
570000     4370000     2000    3.63638
570000     4375000     2000    3.63655
570000     4380000     2000    3.63645
570000     4385000     2000    3.63635
570000     4390000     2000    3.63634
570000     4395000     2000    3.63632
570000     4400000     2000    3.63621
570000     4405000     2000    3.63668
570000     4410000     2000    3.63821
570000     4415000     2000    3.63782
570000     4420000     2000    3.63711
570000     4425000     2000    3.6354
570000     4430000     2000    3.6353
570000     4435000     2000    3.63701
570000     4440000     2000    3.63737
570000     4445000     2000    3.63657
570000     4450000     2000    3.63537
570000     4455000     2000    3.63785
570000     4460000     2000    3.63694
570000     4465000     2000    3.63652
570000     4470000     2000    3.63637
570000     4475000     2000    3.63636
570000     4480000     2000    3.63636
570000     4360000     1000    3.91106
570000     4365000     1000    3.91121
570000     4370000     1000    3.91168
570000     4375000     1000    3.91167
570000     4380000     1000    3.91191
570000     4385000     1000    3.91144
570000     4390000     1000    3.91106
570000     4395000     1000    3.91101
570000     4400000     1000    3.91227
570000     4405000     1000    3.91849
570000     4410000     1000    3.91487
570000     4415000     1000    3.91148
570000     4420000     1000    3.91148
570000     4425000     1000    3.88886
570000     4430000     1000    3.88064
570000     4435000     1000    3.90862
570000     4440000     1000    3.90976
570000     4445000     1000    3.87612
570000     4450000     1000    3.86539
570000     4455000     1000    3.90301
570000     4460000     1000    3.90846
570000     4465000     1000    3.9114
570000     4470000     1000    3.91128
570000     4475000     1000    3.9111
570000     4480000     1000    3.91107
570000     4360000     0    4.18576
570000     4365000     0    4.18612
570000     4370000     0    4.18701
570000     4375000     0    4.18621
570000     4380000     0    4.18715
570000     4385000     0    4.18676
570000     4390000     0    4.18586
570000     4395000     0    4.18596
570000     4400000     0    4.19078
570000     4405000     0    4.21402
570000     4410000     0    4.19345
570000     4415000     0    4.1625
570000     4420000     0    4.17993
570000     4425000     0    4.11813
570000     4430000     0    4.06999
570000     4435000     0    4.17167
570000     4440000     0    4.18127
570000     4445000     0    4.10953
570000     4450000     0    4.11873
570000     4455000     0    4.17025
570000     4460000     0    4.1808
570000     4465000     0    4.18636
570000     4470000     0    4.18615
570000     4475000     0    4.18584
570000     4480000     0    4.18579
570000     4360000     -1000    4.7843
570000     4365000     -1000    4.78477
570000     4370000     -1000    4.78624
570000     4375000     -1000    4.7861
570000     4380000     -1000    4.78654
570000     4385000     -1000    4.78631
570000     4390000     -1000    4.78459
570000     4395000     -1000    4.78439
570000     4400000     -1000    4.78977
570000     4405000     -1000    4.81737
570000     4410000     -1000    4.81961
570000     4415000     -1000    4.73846
570000     4420000     -1000    4.78391
570000     4425000     -1000    4.73146
570000     4430000     -1000    4.63994
570000     4435000     -1000    4.77055
570000     4440000     -1000    4.77489
570000     4445000     -1000    4.65741
570000     4450000     -1000    4.7306
570000     4455000     -1000    4.76204
570000     4460000     -1000    4.77828
570000     4465000     -1000    4.78537
570000     4470000     -1000    4.78484
570000     4475000     -1000    4.78441
570000     4480000     -1000    4.78435
570000     4360000     -2000    4.97622
570000     4365000     -2000    4.97655
570000     4370000     -2000    4.97801
570000     4375000     -2000    4.97912
570000     4380000     -2000    4.97844
570000     4385000     -2000    4.97911
570000     4390000     -2000    4.97684
570000     4395000     -2000    4.97603
570000     4400000     -2000    4.97877
570000     4405000     -2000    4.9967
570000     4410000     -2000    5.02759
570000     4415000     -2000    4.92753
570000     4420000     -2000    4.97683
570000     4425000     -2000    4.8994
570000     4430000     -2000    4.83959
570000     4435000     -2000    4.97185
570000     4440000     -2000    4.94156
570000     4445000     -2000    4.81481
570000     4450000     -2000    4.94535
570000     4455000     -2000    4.93806
570000     4460000     -2000    4.96659
570000     4465000     -2000    4.97693
570000     4470000     -2000    4.9767
570000     4475000     -2000    4.97632
570000     4480000     -2000    4.97627
570000     4360000     -3000    5.19098
570000     4365000     -3000    5.19114
570000     4370000     -3000    5.19241
570000     4375000     -3000    5.19462
570000     4380000     -3000    5.19306
570000     4385000     -3000    5.19479
570000     4390000     -3000    5.19244
570000     4395000     -3000    5.19084
570000     4400000     -3000    5.19165
570000     4405000     -3000    5.20378
570000     4410000     -3000    5.24157
570000     4415000     -3000    5.1626
570000     4420000     -3000    5.19937
570000     4425000     -3000    5.08485
570000     4430000     -3000    5.10368
570000     4435000     -3000    5.18312
570000     4440000     -3000    5.08366
570000     4445000     -3000    5.03581
570000     4450000     -3000    5.15666
570000     4455000     -3000    5.12776
570000     4460000     -3000    5.17555
570000     4465000     -3000    5.19098
570000     4470000     -3000    5.19139
570000     4475000     -3000    5.19108
570000     4480000     -3000    5.19104
570000     4360000     -4000    5.45213
570000     4365000     -4000    5.45216
570000     4370000     -4000    5.45314
570000     4375000     -4000    5.45584
570000     4380000     -4000    5.45458
570000     4385000     -4000    5.4558
570000     4390000     -4000    5.45519
570000     4395000     -4000    5.45287
570000     4400000     -4000    5.45212
570000     4405000     -4000    5.46103
570000     4410000     -4000    5.49716
570000     4415000     -4000    5.46612
570000     4420000     -4000    5.46166
570000     4425000     -4000    5.34105
570000     4430000     -4000    5.41567
570000     4435000     -4000    5.35637
570000     4440000     -4000    5.22862
570000     4445000     -4000    5.33496
570000     4450000     -4000    5.36406
570000     4455000     -4000    5.35925
570000     4460000     -4000    5.43366
570000     4465000     -4000    5.4519
570000     4470000     -4000    5.4525
570000     4475000     -4000    5.45221
570000     4480000     -4000    5.45217
570000     4360000     -5000    5.7291
570000     4365000     -5000    5.72906
570000     4370000     -5000    5.72973
570000     4375000     -5000    5.73241
570000     4380000     -5000    5.73264
570000     4385000     -5000    5.72974
570000     4390000     -5000    5.73241
570000     4395000     -5000    5.73129
570000     4400000     -5000    5.72971
570000     4405000     -5000    5.73276
570000     4410000     -5000    5.75272
570000     4415000     -5000    5.73593
570000     4420000     -5000    5.7546
570000     4425000     -5000    5.70723
570000     4430000     -5000    5.80708
570000     4435000     -5000    5.53071
570000     4440000     -5000    5.45896
570000     4445000     -5000    5.55537
570000     4450000     -5000    5.52529
570000     4455000     -5000    5.61904
570000     4460000     -5000    5.71368
570000     4465000     -5000    5.72941
570000     4470000     -5000    5.72945
570000     4475000     -5000    5.72916
570000     4480000     -5000    5.72913
570000     4360000     -6000    6.0382
570000     4365000     -6000    6.03812
570000     4370000     -6000    6.03851
570000     4375000     -6000    6.04084
570000     4380000     -6000    6.04285
570000     4385000     -6000    6.0354
570000     4390000     -6000    6.03133
570000     4395000     -6000    6.03487
570000     4400000     -6000    6.03932
570000     4405000     -6000    6.01996
570000     4410000     -6000    5.9957
570000     4415000     -6000    5.94209
570000     4420000     -6000    6.0074
570000     4425000     -6000    5.97941
570000     4430000     -6000    6.12437
570000     4435000     -6000    6.02121
570000     4440000     -6000    5.8938
570000     4445000     -6000    5.63642
570000     4450000     -6000    5.78287
570000     4455000     -6000    5.92665
570000     4460000     -6000    6.02721
570000     4465000     -6000    6.03908
570000     4470000     -6000    6.03853
570000     4475000     -6000    6.03823
570000     4480000     -6000    6.03821
570000     4360000     -7000    6.26066
570000     4365000     -7000    6.2606
570000     4370000     -7000    6.26074
570000     4375000     -7000    6.26232
570000     4380000     -7000    6.26533
570000     4385000     -7000    6.2619
570000     4390000     -7000    6.24652
570000     4395000     -7000    6.23973
570000     4400000     -7000    6.25625
570000     4405000     -7000    6.15708
570000     4410000     -7000    6.1091
570000     4415000     -7000    6.17892
570000     4420000     -7000    6.35344
570000     4425000     -7000    6.06126
570000     4430000     -7000    5.79961
570000     4435000     -7000    6.07505
570000     4440000     -7000    5.94022
570000     4445000     -7000    5.77816
570000     4450000     -7000    6.09862
570000     4455000     -7000    6.17985
570000     4460000     -7000    6.25343
570000     4465000     -7000    6.26156
570000     4470000     -7000    6.26094
570000     4475000     -7000    6.26069
570000     4480000     -7000    6.26067
570000     4360000     -8000    6.30726
570000     4365000     -8000    6.30722
570000     4370000     -8000    6.30724
570000     4375000     -8000    6.308
570000     4380000     -8000    6.31012
570000     4385000     -8000    6.31026
570000     4390000     -8000    6.30621
570000     4395000     -8000    6.30214
570000     4400000     -8000    6.31831
570000     4405000     -8000    6.33096
570000     4410000     -8000    6.28241
570000     4415000     -8000    6.25513
570000     4420000     -8000    6.32844
570000     4425000     -8000    6.20097
570000     4430000     -8000    5.96954
570000     4435000     -8000    6.16849
570000     4440000     -8000    6.27361
570000     4445000     -8000    6.24282
570000     4450000     -8000    6.25707
570000     4455000     -8000    6.26472
570000     4460000     -8000    6.30362
570000     4465000     -8000    6.30791
570000     4470000     -8000    6.30743
570000     4475000     -8000    6.30727
570000     4480000     -8000    6.30726
570000     4360000     -9000    6.35385
570000     4365000     -9000    6.35383
570000     4370000     -9000    6.35383
570000     4375000     -9000    6.35419
570000     4380000     -9000    6.35525
570000     4385000     -9000    6.35491
570000     4390000     -9000    6.35488
570000     4395000     -9000    6.35033
570000     4400000     -9000    6.34672
570000     4405000     -9000    6.35385
570000     4410000     -9000    6.35324
570000     4415000     -9000    6.34321
570000     4420000     -9000    6.34426
570000     4425000     -9000    6.21803
570000     4430000     -9000    6.03119
570000     4435000     -9000    6.23262
570000     4440000     -9000    6.36687
570000     4445000     -9000    6.38995
570000     4450000     -9000    6.33227
570000     4455000     -9000    6.3332
570000     4460000     -9000    6.35246
570000     4465000     -9000    6.35425
570000     4470000     -9000    6.35393
570000     4475000     -9000    6.35385
570000     4480000     -9000    6.35385
570000     4360000     -10000    6.40044
570000     4365000     -10000    6.40043
570000     4370000     -10000    6.40043
570000     4375000     -10000    6.40066
570000     4380000     -10000    6.40129
570000     4385000     -10000    6.40013
570000     4390000     -10000    6.39933
570000     4395000     -10000    6.39928
570000     4400000     -10000    6.39671
570000     4405000     -10000    6.40092
570000     4410000     -10000    6.41165
570000     4415000     -10000    6.42586
570000     4420000     -10000    6.43602
570000     4425000     -10000    6.36083
570000     4430000     -10000    6.11808
570000     4435000     -10000    6.31768
570000     4440000     -10000    6.31672
570000     4445000     -10000    6.363
570000     4450000     -10000    6.37924
570000     4455000     -10000    6.39169
570000     4460000     -10000    6.40029
570000     4465000     -10000    6.40067
570000     4470000     -10000    6.40046
570000     4475000     -10000    6.40044
570000     4480000     -10000    6.40044
570000     4360000     -11000    6.44703
570000     4365000     -11000    6.44702
570000     4370000     -11000    6.44703
570000     4375000     -11000    6.44719
570000     4380000     -11000    6.44764
570000     4385000     -11000    6.44638
570000     4390000     -11000    6.44364
570000     4395000     -11000    6.44449
570000     4400000     -11000    6.45235
570000     4405000     -11000    6.4545
570000     4410000     -11000    6.4472
570000     4415000     -11000    6.43965
570000     4420000     -11000    6.43562
570000     4425000     -11000    6.38708
570000     4430000     -11000    6.26508
570000     4435000     -11000    6.33173
570000     4440000     -11000    6.35764
570000     4445000     -11000    6.43248
570000     4450000     -11000    6.42806
570000     4455000     -11000    6.444
570000     4460000     -11000    6.44732
570000     4465000     -11000    6.44714
570000     4470000     -11000    6.44703
570000     4475000     -11000    6.44703
570000     4480000     -11000    6.44703
570000     4360000     -12000    6.49362
570000     4365000     -12000    6.49362
570000     4370000     -12000    6.49362
570000     4375000     -12000    6.49373
570000     4380000     -12000    6.49403
570000     4385000     -12000    6.49304
570000     4390000     -12000    6.49007
570000     4395000     -12000    6.49274
570000     4400000     -12000    6.51139
570000     4405000     -12000    6.49727
570000     4410000     -12000    6.49358
570000     4415000     -12000    6.48762
570000     4420000     -12000    6.48383
570000     4425000     -12000    6.4416
570000     4430000     -12000    6.37742
570000     4435000     -12000    6.41273
570000     4440000     -12000    6.45635
570000     4445000     -12000    6.50336
570000     4450000     -12000    6.48103
570000     4455000     -12000    6.49258
570000     4460000     -12000    6.49391
570000     4465000     -12000    6.49368
570000     4470000     -12000    6.49362
570000     4475000     -12000    6.49362
570000     4480000     -12000    6.49362
570000     4360000     -13000    6.54073
570000     4365000     -13000    6.54073
570000     4370000     -13000    6.54073
570000     4375000     -13000    6.5408
570000     4380000     -13000    6.54105
570000     4385000     -13000    6.54064
570000     4390000     -13000    6.53769
570000     4395000     -13000    6.54296
570000     4400000     -13000    6.55181
570000     4405000     -13000    6.55041
570000     4410000     -13000    6.54711
570000     4415000     -13000    6.53934
570000     4420000     -13000    6.5383
570000     4425000     -13000    6.52444
570000     4430000     -13000    6.51269
570000     4435000     -13000    6.54381
570000     4440000     -13000    6.53366
570000     4445000     -13000    6.54628
570000     4450000     -13000    6.53391
570000     4455000     -13000    6.54052
570000     4460000     -13000    6.54099
570000     4465000     -13000    6.54077
570000     4470000     -13000    6.54073
570000     4475000     -13000    6.54073
570000     4480000     -13000    6.54073
570000     4360000     -14000    6.58811
570000     4365000     -14000    6.58811
570000     4370000     -14000    6.58811
570000     4375000     -14000    6.58816
570000     4380000     -14000    6.58839
570000     4385000     -14000    6.58828
570000     4390000     -14000    6.58457
570000     4395000     -14000    6.5869
570000     4400000     -14000    6.58806
570000     4405000     -14000    6.59119
570000     4410000     -14000    6.58944
570000     4415000     -14000    6.58527
570000     4420000     -14000    6.5816
570000     4425000     -14000    6.577
570000     4430000     -14000    6.59765
570000     4435000     -14000    6.61748
570000     4440000     -14000    6.58046
570000     4445000     -14000    6.57049
570000     4450000     -14000    6.58199
570000     4455000     -14000    6.58815
570000     4460000     -14000    6.58836
570000     4465000     -14000    6.58815
570000     4470000     -14000    6.58811
570000     4475000     -14000    6.58811
570000     4480000     -14000    6.58811
570000     4360000     -15000    6.6355
570000     4365000     -15000    6.6355
570000     4370000     -15000    6.63549
570000     4375000     -15000    6.63552
570000     4380000     -15000    6.6357
570000     4385000     -15000    6.63575
570000     4390000     -15000    6.63281
570000     4395000     -15000    6.6323
570000     4400000     -15000    6.63635
570000     4405000     -15000    6.64035
570000     4410000     -15000    6.6403
570000     4415000     -15000    6.63101
570000     4420000     -15000    6.61298
570000     4425000     -15000    6.63075
570000     4430000     -15000    6.66605
570000     4435000     -15000    6.63901
570000     4440000     -15000    6.61407
570000     4445000     -15000    6.5985
570000     4450000     -15000    6.6287
570000     4455000     -15000    6.63559
570000     4460000     -15000    6.63571
570000     4465000     -15000    6.63552
570000     4470000     -15000    6.6355
570000     4475000     -15000    6.6355
570000     4480000     -15000    6.6355
570000     4360000     -16000    6.68288
570000     4365000     -16000    6.68288
570000     4370000     -16000    6.68288
570000     4375000     -16000    6.68289
570000     4380000     -16000    6.68302
570000     4385000     -16000    6.68325
570000     4390000     -16000    6.68159
570000     4395000     -16000    6.67708
570000     4400000     -16000    6.68342
570000     4405000     -16000    6.68819
570000     4410000     -16000    6.68366
570000     4415000     -16000    6.67034
570000     4420000     -16000    6.6814
570000     4425000     -16000    6.74888
570000     4430000     -16000    6.74258
570000     4435000     -16000    6.69028
570000     4440000     -16000    6.65439
570000     4445000     -16000    6.64538
570000     4450000     -16000    6.67762
570000     4455000     -16000    6.68312
570000     4460000     -16000    6.68305
570000     4465000     -16000    6.6829
570000     4470000     -16000    6.68288
570000     4475000     -16000    6.68288
570000     4480000     -16000    6.68288
570000     4360000     -17000    6.73026
570000     4365000     -17000    6.73026
570000     4370000     -17000    6.73026
570000     4375000     -17000    6.73026
570000     4380000     -17000    6.73034
570000     4385000     -17000    6.73067
570000     4390000     -17000    6.7301
570000     4395000     -17000    6.72385
570000     4400000     -17000    6.72925
570000     4405000     -17000    6.73491
570000     4410000     -17000    6.71487
570000     4415000     -17000    6.70426
570000     4420000     -17000    6.78289
570000     4425000     -17000    6.83523
570000     4430000     -17000    6.76109
570000     4435000     -17000    6.73595
570000     4440000     -17000    6.71123
570000     4445000     -17000    6.70831
570000     4450000     -17000    6.72812
570000     4455000     -17000    6.73066
570000     4460000     -17000    6.73038
570000     4465000     -17000    6.73027
570000     4470000     -17000    6.73026
570000     4475000     -17000    6.73026
570000     4480000     -17000    6.73026
570000     4360000     -18000    6.77764
570000     4365000     -18000    6.77764
570000     4370000     -18000    6.77764
570000     4375000     -18000    6.77764
570000     4380000     -18000    6.77768
570000     4385000     -18000    6.77797
570000     4390000     -18000    6.77802
570000     4395000     -18000    6.77276
570000     4400000     -18000    6.76969
570000     4405000     -18000    6.76756
570000     4410000     -18000    6.71708
570000     4415000     -18000    6.78216
570000     4420000     -18000    6.89065
570000     4425000     -18000    6.83968
570000     4430000     -18000    6.78722
570000     4435000     -18000    6.78007
570000     4440000     -18000    6.76957
570000     4445000     -18000    6.7696
570000     4450000     -18000    6.77753
570000     4455000     -18000    6.77801
570000     4460000     -18000    6.77771
570000     4465000     -18000    6.77764
570000     4470000     -18000    6.77764
570000     4475000     -18000    6.77764
570000     4480000     -18000    6.77764
570000     4360000     -19000    6.8309
570000     4365000     -19000    6.8309
570000     4370000     -19000    6.8309
570000     4375000     -19000    6.83089
570000     4380000     -19000    6.83092
570000     4385000     -19000    6.83118
570000     4390000     -19000    6.83166
570000     4395000     -19000    6.8271
570000     4400000     -19000    6.80353
570000     4405000     -19000    6.77424
570000     4410000     -19000    6.75827
570000     4415000     -19000    6.91155
570000     4420000     -19000    6.90607
570000     4425000     -19000    6.84595
570000     4430000     -19000    6.8328
570000     4435000     -19000    6.83148
570000     4440000     -19000    6.82795
570000     4445000     -19000    6.8288
570000     4450000     -19000    6.83133
570000     4455000     -19000    6.83113
570000     4460000     -19000    6.83092
570000     4465000     -19000    6.8309
570000     4470000     -19000    6.8309
570000     4475000     -19000    6.8309
570000     4480000     -19000    6.8309
570000     4360000     -20000    6.88719
570000     4365000     -20000    6.88719
570000     4370000     -20000    6.88719
570000     4375000     -20000    6.88718
570000     4380000     -20000    6.88719
570000     4385000     -20000    6.88738
570000     4390000     -20000    6.88782
570000     4395000     -20000    6.88312
570000     4400000     -20000    6.84731
570000     4405000     -20000    6.82904
570000     4410000     -20000    6.91546
570000     4415000     -20000    6.94892
570000     4420000     -20000    6.90412
570000     4425000     -20000    6.88759
570000     4430000     -20000    6.88704
570000     4435000     -20000    6.88742
570000     4440000     -20000    6.88684
570000     4445000     -20000    6.88728
570000     4450000     -20000    6.88757
570000     4455000     -20000    6.88729
570000     4460000     -20000    6.88719
570000     4465000     -20000    6.88718
570000     4470000     -20000    6.88719
570000     4475000     -20000    6.88719
570000     4480000     -20000    6.88719
570000     4360000     -21000    6.94347
570000     4365000     -21000    6.94347
570000     4370000     -21000    6.94347
570000     4375000     -21000    6.94347
570000     4380000     -21000    6.94347
570000     4385000     -21000    6.94354
570000     4390000     -21000    6.94387
570000     4395000     -21000    6.94327
570000     4400000     -21000    6.937
570000     4405000     -21000    6.96544
570000     4410000     -21000    6.97274
570000     4415000     -21000    6.95382
570000     4420000     -21000    6.94394
570000     4425000     -21000    6.94289
570000     4430000     -21000    6.94341
570000     4435000     -21000    6.94363
570000     4440000     -21000    6.94373
570000     4445000     -21000    6.94377
570000     4450000     -21000    6.94362
570000     4455000     -21000    6.94349
570000     4460000     -21000    6.94347
570000     4465000     -21000    6.94347
570000     4470000     -21000    6.94347
570000     4475000     -21000    6.94347
570000     4480000     -21000    6.94347
570000     4360000     -22000    6.99976
570000     4365000     -22000    6.99976
570000     4370000     -22000    6.99976
570000     4375000     -22000    6.99976
570000     4380000     -22000    6.99975
570000     4385000     -22000    6.99976
570000     4390000     -22000    6.99987
570000     4395000     -22000    7.00002
570000     4400000     -22000    6.99956
570000     4405000     -22000    7.0039
570000     4410000     -22000    7.00245
570000     4415000     -22000    6.99938
570000     4420000     -22000    6.99915
570000     4425000     -22000    6.99963
570000     4430000     -22000    6.99977
570000     4435000     -22000    6.9998
570000     4440000     -22000    6.99986
570000     4445000     -22000    6.99985
570000     4450000     -22000    6.99978
570000     4455000     -22000    6.99976
570000     4460000     -22000    6.99976
570000     4465000     -22000    6.99976
570000     4470000     -22000    6.99976
570000     4475000     -22000    6.99976
570000     4480000     -22000    6.99976
570000     4360000     -23000    7.05604
570000     4365000     -23000    7.05604
570000     4370000     -23000    7.05604
570000     4375000     -23000    7.05604
570000     4380000     -23000    7.05604
570000     4385000     -23000    7.05604
570000     4390000     -23000    7.05606
570000     4395000     -23000    7.0561
570000     4400000     -23000    7.05598
570000     4405000     -23000    7.05597
570000     4410000     -23000    7.05564
570000     4415000     -23000    7.05565
570000     4420000     -23000    7.05592
570000     4425000     -23000    7.05605
570000     4430000     -23000    7.05605
570000     4435000     -23000    7.05604
570000     4440000     -23000    7.05606
570000     4445000     -23000    7.05605
570000     4450000     -23000    7.05604
570000     4455000     -23000    7.05604
570000     4460000     -23000    7.05604
570000     4465000     -23000    7.05604
570000     4470000     -23000    7.05604
570000     4475000     -23000    7.05604
570000     4480000     -23000    7.05604
570000     4360000     -24000    7.11233
570000     4365000     -24000    7.11233
570000     4370000     -24000    7.11233
570000     4375000     -24000    7.11233
570000     4380000     -24000    7.11233
570000     4385000     -24000    7.11233
570000     4390000     -24000    7.11233
570000     4395000     -24000    7.11233
570000     4400000     -24000    7.11233
570000     4405000     -24000    7.1122
570000     4410000     -24000    7.11222
570000     4415000     -24000    7.11231
570000     4420000     -24000    7.11234
570000     4425000     -24000    7.11234
570000     4430000     -24000    7.11233
570000     4435000     -24000    7.11233
570000     4440000     -24000    7.11233
570000     4445000     -24000    7.11233
570000     4450000     -24000    7.11233
570000     4455000     -24000    7.11233
570000     4460000     -24000    7.11233
570000     4465000     -24000    7.11233
570000     4470000     -24000    7.11233
570000     4475000     -24000    7.11233
570000     4480000     -24000    7.11233
