545000     4360000     2000    3.63636
545000     4365000     2000    3.63636
545000     4370000     2000    3.63636
545000     4375000     2000    3.63636
545000     4380000     2000    3.63636
545000     4385000     2000    3.63636
545000     4390000     2000    3.63636
545000     4395000     2000    3.63636
545000     4400000     2000    3.63636
545000     4405000     2000    3.63636
545000     4410000     2000    3.63636
545000     4415000     2000    3.63636
545000     4420000     2000    3.63636
545000     4425000     2000    3.63636
545000     4430000     2000    3.63637
545000     4435000     2000    3.6365
545000     4440000     2000    3.63662
545000     4445000     2000    3.63655
545000     4450000     2000    3.63655
545000     4455000     2000    3.63638
545000     4460000     2000    3.63636
545000     4465000     2000    3.63636
545000     4470000     2000    3.63636
545000     4475000     2000    3.63636
545000     4480000     2000    3.63636
545000     4360000     1000    3.91108
545000     4365000     1000    3.91108
545000     4370000     1000    3.91108
545000     4375000     1000    3.91108
545000     4380000     1000    3.91108
545000     4385000     1000    3.91108
545000     4390000     1000    3.91108
545000     4395000     1000    3.91108
545000     4400000     1000    3.91108
545000     4405000     1000    3.91108
545000     4410000     1000    3.91108
545000     4415000     1000    3.91107
545000     4420000     1000    3.91108
545000     4425000     1000    3.9111
545000     4430000     1000    3.91124
545000     4435000     1000    3.91102
545000     4440000     1000    3.90685
545000     4445000     1000    3.90496
545000     4450000     1000    3.91076
545000     4455000     1000    3.91128
545000     4460000     1000    3.91113
545000     4465000     1000    3.91108
545000     4470000     1000    3.91107
545000     4475000     1000    3.91107
545000     4480000     1000    3.91108
545000     4360000     0    4.18579
545000     4365000     0    4.18579
545000     4370000     0    4.18579
545000     4375000     0    4.18579
545000     4380000     0    4.18579
545000     4385000     0    4.18579
545000     4390000     0    4.18579
545000     4395000     0    4.18579
545000     4400000     0    4.18579
545000     4405000     0    4.18579
545000     4410000     0    4.18579
545000     4415000     0    4.18579
545000     4420000     0    4.18579
545000     4425000     0    4.18587
545000     4430000     0    4.18601
545000     4435000     0    4.18277
545000     4440000     0    4.15581
545000     4445000     0    4.14638
545000     4450000     0    4.18117
545000     4455000     0    4.18598
545000     4460000     0    4.18592
545000     4465000     0    4.1858
545000     4470000     0    4.18579
545000     4475000     0    4.18579
545000     4480000     0    4.18579
545000     4360000     -1000    4.78436
545000     4365000     -1000    4.78436
545000     4370000     -1000    4.78436
545000     4375000     -1000    4.78436
545000     4380000     -1000    4.78436
545000     4385000     -1000    4.78436
545000     4390000     -1000    4.78436
545000     4395000     -1000    4.78436
545000     4400000     -1000    4.78436
545000     4405000     -1000    4.78436
545000     4410000     -1000    4.78435
545000     4415000     -1000    4.78435
545000     4420000     -1000    4.78436
545000     4425000     -1000    4.78452
545000     4430000     -1000    4.78489
545000     4435000     -1000    4.77969
545000     4440000     -1000    4.73527
545000     4445000     -1000    4.73056
545000     4450000     -1000    4.77869
545000     4455000     -1000    4.78485
545000     4460000     -1000    4.78455
545000     4465000     -1000    4.78436
545000     4470000     -1000    4.78435
545000     4475000     -1000    4.78435
545000     4480000     -1000    4.78436
545000     4360000     -2000    4.97628
545000     4365000     -2000    4.97628
545000     4370000     -2000    4.97628
545000     4375000     -2000    4.97628
545000     4380000     -2000    4.97628
545000     4385000     -2000    4.97628
545000     4390000     -2000    4.97628
545000     4395000     -2000    4.97628
545000     4400000     -2000    4.97628
545000     4405000     -2000    4.97628
545000     4410000     -2000    4.97628
545000     4415000     -2000    4.97627
545000     4420000     -2000    4.97628
545000     4425000     -2000    4.97648
545000     4430000     -2000    4.97721
545000     4435000     -2000    4.97347
545000     4440000     -2000    4.93426
545000     4445000     -2000    4.94065
545000     4450000     -2000    4.97383
545000     4455000     -2000    4.97704
545000     4460000     -2000    4.97645
545000     4465000     -2000    4.97627
545000     4470000     -2000    4.97627
545000     4475000     -2000    4.97628
545000     4480000     -2000    4.97628
545000     4360000     -3000    5.19104
545000     4365000     -3000    5.19104
545000     4370000     -3000    5.19104
545000     4375000     -3000    5.19104
545000     4380000     -3000    5.19104
545000     4385000     -3000    5.19104
545000     4390000     -3000    5.19104
545000     4395000     -3000    5.19104
545000     4400000     -3000    5.19105
545000     4405000     -3000    5.19105
545000     4410000     -3000    5.19104
545000     4415000     -3000    5.19104
545000     4420000     -3000    5.19104
545000     4425000     -3000    5.19124
545000     4430000     -3000    5.19237
545000     4435000     -3000    5.19085
545000     4440000     -3000    5.15743
545000     4445000     -3000    5.17394
545000     4450000     -3000    5.19138
545000     4455000     -3000    5.19186
545000     4460000     -3000    5.19116
545000     4465000     -3000    5.19103
545000     4470000     -3000    5.19104
545000     4475000     -3000    5.19104
545000     4480000     -3000    5.19104
545000     4360000     -4000    5.45218
545000     4365000     -4000    5.45218
545000     4370000     -4000    5.45218
545000     4375000     -4000    5.45218
545000     4380000     -4000    5.45218
545000     4385000     -4000    5.45218
545000     4390000     -4000    5.45218
545000     4395000     -4000    5.45218
545000     4400000     -4000    5.45218
545000     4405000     -4000    5.45218
545000     4410000     -4000    5.45218
545000     4415000     -4000    5.45218
545000     4420000     -4000    5.45216
545000     4425000     -4000    5.45232
545000     4430000     -4000    5.45385
545000     4435000     -4000    5.45404
545000     4440000     -4000    5.41758
545000     4445000     -4000    5.44418
545000     4450000     -4000    5.45369
545000     4455000     -4000    5.45286
545000     4460000     -4000    5.45223
545000     4465000     -4000    5.45216
545000     4470000     -4000    5.45218
545000     4475000     -4000    5.45218
545000     4480000     -4000    5.45218
545000     4360000     -5000    5.72914
545000     4365000     -5000    5.72914
545000     4370000     -5000    5.72914
545000     4375000     -5000    5.72914
545000     4380000     -5000    5.72914
545000     4385000     -5000    5.72914
545000     4390000     -5000    5.72914
545000     4395000     -5000    5.72914
545000     4400000     -5000    5.72914
545000     4405000     -5000    5.72914
545000     4410000     -5000    5.72915
545000     4415000     -5000    5.72914
545000     4420000     -5000    5.72904
545000     4425000     -5000    5.72908
545000     4430000     -5000    5.73122
545000     4435000     -5000    5.73407
545000     4440000     -5000    5.70167
545000     4445000     -5000    5.72534
545000     4450000     -5000    5.73075
545000     4455000     -5000    5.72961
545000     4460000     -5000    5.72915
545000     4465000     -5000    5.72912
545000     4470000     -5000    5.72913
545000     4475000     -5000    5.72914
545000     4480000     -5000    5.72914
545000     4360000     -6000    6.03822
545000     4365000     -6000    6.03822
545000     4370000     -6000    6.03822
545000     4375000     -6000    6.03822
545000     4380000     -6000    6.03822
545000     4385000     -6000    6.03822
545000     4390000     -6000    6.03822
545000     4395000     -6000    6.03822
545000     4400000     -6000    6.03822
545000     4405000     -6000    6.03822
545000     4410000     -6000    6.03823
545000     4415000     -6000    6.03817
545000     4420000     -6000    6.03787
545000     4425000     -6000    6.03785
545000     4430000     -6000    6.0411
545000     4435000     -6000    6.04287
545000     4440000     -6000    6.02477
545000     4445000     -6000    6.03791
545000     4450000     -6000    6.03972
545000     4455000     -6000    6.03852
545000     4460000     -6000    6.0382
545000     4465000     -6000    6.0382
545000     4470000     -6000    6.03821
545000     4475000     -6000    6.03822
545000     4480000     -6000    6.03822
545000     4360000     -7000    6.26067
545000     4365000     -7000    6.26067
545000     4370000     -7000    6.26067
545000     4375000     -7000    6.26067
545000     4380000     -7000    6.26067
545000     4385000     -7000    6.26067
545000     4390000     -7000    6.26067
545000     4395000     -7000    6.26067
545000     4400000     -7000    6.26068
545000     4405000     -7000    6.26068
545000     4410000     -7000    6.26066
545000     4415000     -7000    6.2605
545000     4420000     -7000    6.26005
545000     4425000     -7000    6.26037
545000     4430000     -7000    6.26357
545000     4435000     -7000    6.25856
545000     4440000     -7000    6.25793
545000     4445000     -7000    6.26263
545000     4450000     -7000    6.26191
545000     4455000     -7000    6.26085
545000     4460000     -7000    6.26066
545000     4465000     -7000    6.26066
545000     4470000     -7000    6.26067
545000     4475000     -7000    6.26067
545000     4480000     -7000    6.26067
545000     4360000     -8000    6.30726
545000     4365000     -8000    6.30726
545000     4370000     -8000    6.30726
545000     4375000     -8000    6.30726
545000     4380000     -8000    6.30726
545000     4385000     -8000    6.30726
545000     4390000     -8000    6.30726
545000     4395000     -8000    6.30726
545000     4400000     -8000    6.30726
545000     4405000     -8000    6.30726
545000     4410000     -8000    6.30723
545000     4415000     -8000    6.3071
545000     4420000     -8000    6.30683
545000     4425000     -8000    6.30688
545000     4430000     -8000    6.30709
545000     4435000     -8000    6.30357
545000     4440000     -8000    6.30908
545000     4445000     -8000    6.30944
545000     4450000     -8000    6.30805
545000     4455000     -8000    6.30734
545000     4460000     -8000    6.30725
545000     4465000     -8000    6.30726
545000     4470000     -8000    6.30726
545000     4475000     -8000    6.30726
545000     4480000     -8000    6.30726
545000     4360000     -9000    6.35385
545000     4365000     -9000    6.35385
545000     4370000     -9000    6.35385
545000     4375000     -9000    6.35385
545000     4380000     -9000    6.35385
545000     4385000     -9000    6.35385
545000     4390000     -9000    6.35385
545000     4395000     -9000    6.35385
545000     4400000     -9000    6.35386
545000     4405000     -9000    6.35386
545000     4410000     -9000    6.35385
545000     4415000     -9000    6.35379
545000     4420000     -9000    6.35376
545000     4425000     -9000    6.35395
545000     4430000     -9000    6.35295
545000     4435000     -9000    6.35297
545000     4440000     -9000    6.356
545000     4445000     -9000    6.35515
545000     4450000     -9000    6.35421
545000     4455000     -9000    6.35386
545000     4460000     -9000    6.35384
545000     4465000     -9000    6.35385
545000     4470000     -9000    6.35385
545000     4475000     -9000    6.35385
545000     4480000     -9000    6.35385
545000     4360000     -10000    6.40044
545000     4365000     -10000    6.40044
545000     4370000     -10000    6.40044
545000     4375000     -10000    6.40044
545000     4380000     -10000    6.40044
545000     4385000     -10000    6.40044
545000     4390000     -10000    6.40044
545000     4395000     -10000    6.40044
545000     4400000     -10000    6.40045
545000     4405000     -10000    6.40045
545000     4410000     -10000    6.40044
545000     4415000     -10000    6.40044
545000     4420000     -10000    6.4006
545000     4425000     -10000    6.40099
545000     4430000     -10000    6.40015
545000     4435000     -10000    6.40134
545000     4440000     -10000    6.40177
545000     4445000     -10000    6.401
545000     4450000     -10000    6.40055
545000     4455000     -10000    6.40043
545000     4460000     -10000    6.40043
545000     4465000     -10000    6.40044
545000     4470000     -10000    6.40044
545000     4475000     -10000    6.40044
545000     4480000     -10000    6.40044
545000     4360000     -11000    6.44703
545000     4365000     -11000    6.44703
545000     4370000     -11000    6.44703
545000     4375000     -11000    6.44703
545000     4380000     -11000    6.44703
545000     4385000     -11000    6.44703
545000     4390000     -11000    6.44703
545000     4395000     -11000    6.44703
545000     4400000     -11000    6.44703
545000     4405000     -11000    6.44703
545000     4410000     -11000    6.44702
545000     4415000     -11000    6.44706
545000     4420000     -11000    6.4473
545000     4425000     -11000    6.44758
545000     4430000     -11000    6.44722
545000     4435000     -11000    6.44797
545000     4440000     -11000    6.44763
545000     4445000     -11000    6.44722
545000     4450000     -11000    6.44705
545000     4455000     -11000    6.44702
545000     4460000     -11000    6.44702
545000     4465000     -11000    6.44703
545000     4470000     -11000    6.44703
545000     4475000     -11000    6.44703
545000     4480000     -11000    6.44703
545000     4360000     -12000    6.49362
545000     4365000     -12000    6.49362
545000     4370000     -12000    6.49362
545000     4375000     -12000    6.49362
545000     4380000     -12000    6.49362
545000     4385000     -12000    6.49362
545000     4390000     -12000    6.49362
545000     4395000     -12000    6.49362
545000     4400000     -12000    6.49362
545000     4405000     -12000    6.49362
545000     4410000     -12000    6.49361
545000     4415000     -12000    6.49368
545000     4420000     -12000    6.49395
545000     4425000     -12000    6.49396
545000     4430000     -12000    6.49406
545000     4435000     -12000    6.49413
545000     4440000     -12000    6.49381
545000     4445000     -12000    6.49367
545000     4450000     -12000    6.49362
545000     4455000     -12000    6.49361
545000     4460000     -12000    6.49362
545000     4465000     -12000    6.49362
545000     4470000     -12000    6.49362
545000     4475000     -12000    6.49362
545000     4480000     -12000    6.49362
545000     4360000     -13000    6.54073
545000     4365000     -13000    6.54073
545000     4370000     -13000    6.54073
545000     4375000     -13000    6.54073
545000     4380000     -13000    6.54073
545000     4385000     -13000    6.54073
545000     4390000     -13000    6.54073
545000     4395000     -13000    6.54073
545000     4400000     -13000    6.54073
545000     4405000     -13000    6.54073
545000     4410000     -13000    6.54072
545000     4415000     -13000    6.54082
545000     4420000     -13000    6.54108
545000     4425000     -13000    6.54101
545000     4430000     -13000    6.54118
545000     4435000     -13000    6.54093
545000     4440000     -13000    6.54076
545000     4445000     -13000    6.54074
545000     4450000     -13000    6.54073
545000     4455000     -13000    6.54073
545000     4460000     -13000    6.54073
545000     4465000     -13000    6.54073
545000     4470000     -13000    6.54073
545000     4475000     -13000    6.54073
545000     4480000     -13000    6.54073
545000     4360000     -14000    6.58811
545000     4365000     -14000    6.58811
545000     4370000     -14000    6.58811
545000     4375000     -14000    6.58811
545000     4380000     -14000    6.58811
545000     4385000     -14000    6.58811
545000     4390000     -14000    6.58811
545000     4395000     -14000    6.58811
545000     4400000     -14000    6.58811
545000     4405000     -14000    6.5881
545000     4410000     -14000    6.58811
545000     4415000     -14000    6.58822
545000     4420000     -14000    6.58843
545000     4425000     -14000    6.58846
545000     4430000     -14000    6.58837
545000     4435000     -14000    6.58815
545000     4440000     -14000    6.5881
545000     4445000     -14000    6.58812
545000     4450000     -14000    6.58811
545000     4455000     -14000    6.58811
545000     4460000     -14000    6.58811
545000     4465000     -14000    6.58811
545000     4470000     -14000    6.58811
545000     4475000     -14000    6.58811
545000     4480000     -14000    6.58811
545000     4360000     -15000    6.6355
545000     4365000     -15000    6.6355
545000     4370000     -15000    6.6355
545000     4375000     -15000    6.6355
545000     4380000     -15000    6.6355
545000     4385000     -15000    6.6355
545000     4390000     -15000    6.6355
545000     4395000     -15000    6.6355
545000     4400000     -15000    6.63549
545000     4405000     -15000    6.63548
545000     4410000     -15000    6.6355
545000     4415000     -15000    6.63561
545000     4420000     -15000    6.63574
545000     4425000     -15000    6.63574
545000     4430000     -15000    6.63557
545000     4435000     -15000    6.63548
545000     4440000     -15000    6.63548
545000     4445000     -15000    6.63549
545000     4450000     -15000    6.63549
545000     4455000     -15000    6.6355
545000     4460000     -15000    6.6355
545000     4465000     -15000    6.6355
545000     4470000     -15000    6.6355
545000     4475000     -15000    6.6355
545000     4480000     -15000    6.6355
545000     4360000     -16000    6.68288
545000     4365000     -16000    6.68288
545000     4370000     -16000    6.68288
545000     4375000     -16000    6.68288
545000     4380000     -16000    6.68288
545000     4385000     -16000    6.68288
545000     4390000     -16000    6.68288
545000     4395000     -16000    6.68288
545000     4400000     -16000    6.68287
545000     4405000     -16000    6.68287
545000     4410000     -16000    6.68289
545000     4415000     -16000    6.68298
545000     4420000     -16000    6.68303
545000     4425000     -16000    6.68298
545000     4430000     -16000    6.68288
545000     4435000     -16000    6.68286
545000     4440000     -16000    6.68287
545000     4445000     -16000    6.68288
545000     4450000     -16000    6.68288
545000     4455000     -16000    6.68288
545000     4460000     -16000    6.68288
545000     4465000     -16000    6.68288
545000     4470000     -16000    6.68288
545000     4475000     -16000    6.68288
545000     4480000     -16000    6.68288
545000     4360000     -17000    6.73026
545000     4365000     -17000    6.73026
545000     4370000     -17000    6.73026
545000     4375000     -17000    6.73026
545000     4380000     -17000    6.73026
545000     4385000     -17000    6.73026
545000     4390000     -17000    6.73026
545000     4395000     -17000    6.73026
545000     4400000     -17000    6.73025
545000     4405000     -17000    6.73025
545000     4410000     -17000    6.73027
545000     4415000     -17000    6.73033
545000     4420000     -17000    6.73033
545000     4425000     -17000    6.73027
545000     4430000     -17000    6.73025
545000     4435000     -17000    6.73025
545000     4440000     -17000    6.73026
545000     4445000     -17000    6.73026
545000     4450000     -17000    6.73026
545000     4455000     -17000    6.73026
545000     4460000     -17000    6.73026
545000     4465000     -17000    6.73026
545000     4470000     -17000    6.73026
545000     4475000     -17000    6.73026
545000     4480000     -17000    6.73026
545000     4360000     -18000    6.77764
545000     4365000     -18000    6.77764
545000     4370000     -18000    6.77764
545000     4375000     -18000    6.77764
545000     4380000     -18000    6.77764
545000     4385000     -18000    6.77764
545000     4390000     -18000    6.77764
545000     4395000     -18000    6.77764
545000     4400000     -18000    6.77763
545000     4405000     -18000    6.77763
545000     4410000     -18000    6.77765
545000     4415000     -18000    6.77767
545000     4420000     -18000    6.77766
545000     4425000     -18000    6.77763
545000     4430000     -18000    6.77763
545000     4435000     -18000    6.77764
545000     4440000     -18000    6.77764
545000     4445000     -18000    6.77764
545000     4450000     -18000    6.77764
545000     4455000     -18000    6.77764
545000     4460000     -18000    6.77764
545000     4465000     -18000    6.77764
545000     4470000     -18000    6.77764
545000     4475000     -18000    6.77764
545000     4480000     -18000    6.77764
545000     4360000     -19000    6.8309
545000     4365000     -19000    6.8309
545000     4370000     -19000    6.8309
545000     4375000     -19000    6.8309
545000     4380000     -19000    6.8309
545000     4385000     -19000    6.8309
545000     4390000     -19000    6.8309
545000     4395000     -19000    6.8309
545000     4400000     -19000    6.83089
545000     4405000     -19000    6.8309
545000     4410000     -19000    6.83091
545000     4415000     -19000    6.8309
545000     4420000     -19000    6.83089
545000     4425000     -19000    6.83089
545000     4430000     -19000    6.8309
545000     4435000     -19000    6.8309
545000     4440000     -19000    6.8309
545000     4445000     -19000    6.8309
545000     4450000     -19000    6.8309
545000     4455000     -19000    6.8309
545000     4460000     -19000    6.8309
545000     4465000     -19000    6.8309
545000     4470000     -19000    6.8309
545000     4475000     -19000    6.8309
545000     4480000     -19000    6.8309
545000     4360000     -20000    6.88719
545000     4365000     -20000    6.88719
545000     4370000     -20000    6.88719
545000     4375000     -20000    6.88719
545000     4380000     -20000    6.88719
545000     4385000     -20000    6.88719
545000     4390000     -20000    6.88719
545000     4395000     -20000    6.88719
545000     4400000     -20000    6.88718
545000     4405000     -20000    6.88718
545000     4410000     -20000    6.88718
545000     4415000     -20000    6.88718
545000     4420000     -20000    6.88718
545000     4425000     -20000    6.88719
545000     4430000     -20000    6.88719
545000     4435000     -20000    6.88719
545000     4440000     -20000    6.88719
545000     4445000     -20000    6.88719
545000     4450000     -20000    6.88719
545000     4455000     -20000    6.88719
545000     4460000     -20000    6.88719
545000     4465000     -20000    6.88719
545000     4470000     -20000    6.88719
545000     4475000     -20000    6.88719
545000     4480000     -20000    6.88719
545000     4360000     -21000    6.94347
545000     4365000     -21000    6.94347
545000     4370000     -21000    6.94347
545000     4375000     -21000    6.94347
545000     4380000     -21000    6.94347
545000     4385000     -21000    6.94347
545000     4390000     -21000    6.94347
545000     4395000     -21000    6.94347
545000     4400000     -21000    6.94347
545000     4405000     -21000    6.94347
545000     4410000     -21000    6.94347
545000     4415000     -21000    6.94347
545000     4420000     -21000    6.94347
545000     4425000     -21000    6.94347
545000     4430000     -21000    6.94347
545000     4435000     -21000    6.94347
545000     4440000     -21000    6.94347
545000     4445000     -21000    6.94347
545000     4450000     -21000    6.94347
545000     4455000     -21000    6.94347
545000     4460000     -21000    6.94347
545000     4465000     -21000    6.94347
545000     4470000     -21000    6.94347
545000     4475000     -21000    6.94347
545000     4480000     -21000    6.94347
545000     4360000     -22000    6.99976
545000     4365000     -22000    6.99976
545000     4370000     -22000    6.99976
545000     4375000     -22000    6.99976
545000     4380000     -22000    6.99976
545000     4385000     -22000    6.99976
545000     4390000     -22000    6.99976
545000     4395000     -22000    6.99976
545000     4400000     -22000    6.99976
545000     4405000     -22000    6.99976
545000     4410000     -22000    6.99976
545000     4415000     -22000    6.99976
545000     4420000     -22000    6.99976
545000     4425000     -22000    6.99976
545000     4430000     -22000    6.99976
545000     4435000     -22000    6.99976
545000     4440000     -22000    6.99976
545000     4445000     -22000    6.99976
545000     4450000     -22000    6.99976
545000     4455000     -22000    6.99976
545000     4460000     -22000    6.99976
545000     4465000     -22000    6.99976
545000     4470000     -22000    6.99976
545000     4475000     -22000    6.99976
545000     4480000     -22000    6.99976
545000     4360000     -23000    7.05604
545000     4365000     -23000    7.05604
545000     4370000     -23000    7.05604
545000     4375000     -23000    7.05604
545000     4380000     -23000    7.05604
545000     4385000     -23000    7.05604
545000     4390000     -23000    7.05604
545000     4395000     -23000    7.05604
545000     4400000     -23000    7.05604
545000     4405000     -23000    7.05604
545000     4410000     -23000    7.05604
545000     4415000     -23000    7.05604
545000     4420000     -23000    7.05604
545000     4425000     -23000    7.05604
545000     4430000     -23000    7.05604
545000     4435000     -23000    7.05604
545000     4440000     -23000    7.05604
545000     4445000     -23000    7.05604
545000     4450000     -23000    7.05604
545000     4455000     -23000    7.05604
545000     4460000     -23000    7.05604
545000     4465000     -23000    7.05604
545000     4470000     -23000    7.05604
545000     4475000     -23000    7.05604
545000     4480000     -23000    7.05604
545000     4360000     -24000    7.11233
545000     4365000     -24000    7.11233
545000     4370000     -24000    7.11233
545000     4375000     -24000    7.11233
545000     4380000     -24000    7.11233
545000     4385000     -24000    7.11233
545000     4390000     -24000    7.11233
545000     4395000     -24000    7.11233
545000     4400000     -24000    7.11233
545000     4405000     -24000    7.11233
545000     4410000     -24000    7.11233
545000     4415000     -24000    7.11233
545000     4420000     -24000    7.11233
545000     4425000     -24000    7.11233
545000     4430000     -24000    7.11233
545000     4435000     -24000    7.11233
545000     4440000     -24000    7.11233
545000     4445000     -24000    7.11233
545000     4450000     -24000    7.11233
545000     4455000     -24000    7.11233
545000     4460000     -24000    7.11233
545000     4465000     -24000    7.11233
545000     4470000     -24000    7.11233
545000     4475000     -24000    7.11233
545000     4480000     -24000    7.11233
