600000     4360000     2000    3.63636
600000     4360000     1000    3.91107
600000     4360000     0    4.18578
600000     4360000     -1000    4.78434
600000     4360000     -2000    4.97627
600000     4360000     -3000    5.19103
600000     4360000     -4000    5.45217
600000     4360000     -5000    5.72912
600000     4360000     -6000    6.0382
600000     4360000     -7000    6.26066
600000     4360000     -8000    6.30726
600000     4360000     -9000    6.35385
600000     4360000     -10000    6.40044
600000     4360000     -11000    6.44703
600000     4360000     -12000    6.49362
600000     4360000     -13000    6.54073
600000     4360000     -14000    6.58811
600000     4360000     -15000    6.6355
600000     4360000     -16000    6.68288
600000     4360000     -17000    6.73026
600000     4360000     -18000    6.77764
600000     4360000     -19000    6.8309
600000     4360000     -20000    6.88719
600000     4360000     -21000    6.94347
600000     4360000     -22000    6.99976
600000     4360000     -23000    7.05604
600000     4360000     -24000    7.11233
600000     4365000     2000    3.63636
600000     4365000     1000    3.91107
600000     4365000     0    4.18579
600000     4365000     -1000    4.78433
600000     4365000     -2000    4.97624
600000     4365000     -3000    5.19098
600000     4365000     -4000    5.45211
600000     4365000     -5000    5.72907
600000     4365000     -6000    6.03819
600000     4365000     -7000    6.26067
600000     4365000     -8000    6.30723
600000     4365000     -9000    6.35382
600000     4365000     -10000    6.40043
600000     4365000     -11000    6.44703
600000     4365000     -12000    6.49362
600000     4365000     -13000    6.54073
600000     4365000     -14000    6.58811
600000     4365000     -15000    6.6355
600000     4365000     -16000    6.68288
600000     4365000     -17000    6.73026
600000     4365000     -18000    6.77764
600000     4365000     -19000    6.8309
600000     4365000     -20000    6.88719
600000     4365000     -21000    6.94347
600000     4365000     -22000    6.99976
600000     4365000     -23000    7.05604
600000     4365000     -24000    7.11233
600000     4370000     2000    3.63635
600000     4370000     1000    3.91113
600000     4370000     0    4.18595
600000     4370000     -1000    4.78458
600000     4370000     -2000    4.97646
600000     4370000     -3000    5.19118
600000     4370000     -4000    5.45233
600000     4370000     -5000    5.7294
600000     4370000     -6000    6.03865
600000     4370000     -7000    6.26111
600000     4370000     -8000    6.30745
600000     4370000     -9000    6.35383
600000     4370000     -10000    6.40039
600000     4370000     -11000    6.44701
600000     4370000     -12000    6.49361
600000     4370000     -13000    6.54073
600000     4370000     -14000    6.58811
600000     4370000     -15000    6.6355
600000     4370000     -16000    6.68288
600000     4370000     -17000    6.73026
600000     4370000     -18000    6.77764
600000     4370000     -19000    6.8309
600000     4370000     -20000    6.88719
600000     4370000     -21000    6.94347
600000     4370000     -22000    6.99976
600000     4370000     -23000    7.05604
600000     4370000     -24000    7.11233
600000     4375000     2000    3.63636
600000     4375000     1000    3.91124
600000     4375000     0    4.18617
600000     4375000     -1000    4.78503
600000     4375000     -2000    4.97709
600000     4375000     -3000    5.19202
600000     4375000     -4000    5.45348
600000     4375000     -5000    5.73111
600000     4375000     -6000    6.0406
600000     4375000     -7000    6.26233
600000     4375000     -8000    6.30881
600000     4375000     -9000    6.35443
600000     4375000     -10000    6.40048
600000     4375000     -11000    6.447
600000     4375000     -12000    6.49361
600000     4375000     -13000    6.54073
600000     4375000     -14000    6.58811
600000     4375000     -15000    6.63549
600000     4375000     -16000    6.68287
600000     4375000     -17000    6.73025
600000     4375000     -18000    6.77764
600000     4375000     -19000    6.8309
600000     4375000     -20000    6.88719
600000     4375000     -21000    6.94347
600000     4375000     -22000    6.99976
600000     4375000     -23000    7.05604
600000     4375000     -24000    7.11233
600000     4380000     2000    3.63635
600000     4380000     1000    3.9112
600000     4380000     0    4.18615
600000     4380000     -1000    4.78511
600000     4380000     -2000    4.9774
600000     4380000     -3000    5.19263
600000     4380000     -4000    5.45453
600000     4380000     -5000    5.73271
600000     4380000     -6000    6.03873
600000     4380000     -7000    6.24959
600000     4380000     -8000    6.30752
600000     4380000     -9000    6.35655
600000     4380000     -10000    6.40148
600000     4380000     -11000    6.44734
600000     4380000     -12000    6.49381
600000     4380000     -13000    6.54087
600000     4380000     -14000    6.5882
600000     4380000     -15000    6.63553
600000     4380000     -16000    6.68288
600000     4380000     -17000    6.73025
600000     4380000     -18000    6.77763
600000     4380000     -19000    6.83089
600000     4380000     -20000    6.88719
600000     4380000     -21000    6.94347
600000     4380000     -22000    6.99976
600000     4380000     -23000    7.05604
600000     4380000     -24000    7.11233
600000     4385000     2000    3.63635
600000     4385000     1000    3.91109
600000     4385000     0    4.18591
600000     4385000     -1000    4.78469
600000     4385000     -2000    4.97698
600000     4385000     -3000    5.19262
600000     4385000     -4000    5.45569
600000     4385000     -5000    5.73348
600000     4385000     -6000    6.0187
600000     4385000     -7000    6.14787
600000     4385000     -8000    6.26797
600000     4385000     -9000    6.35381
600000     4385000     -10000    6.40243
600000     4385000     -11000    6.44758
600000     4385000     -12000    6.49412
600000     4385000     -13000    6.54138
600000     4385000     -14000    6.58869
600000     4385000     -15000    6.63585
600000     4385000     -16000    6.68304
600000     4385000     -17000    6.7303
600000     4385000     -18000    6.77763
600000     4385000     -19000    6.83088
600000     4385000     -20000    6.88718
600000     4385000     -21000    6.94347
600000     4385000     -22000    6.99976
600000     4385000     -23000    7.05604
600000     4385000     -24000    7.11233
600000     4390000     2000    3.63635
600000     4390000     1000    3.91107
600000     4390000     0    4.18582
600000     4390000     -1000    4.78447
600000     4390000     -2000    4.97664
600000     4390000     -3000    5.19214
600000     4390000     -4000    5.45536
600000     4390000     -5000    5.73127
600000     4390000     -6000    5.99218
600000     4390000     -7000    6.05983
600000     4390000     -8000    6.20243
600000     4390000     -9000    6.32959
600000     4390000     -10000    6.38663
600000     4390000     -11000    6.43374
600000     4390000     -12000    6.48519
600000     4390000     -13000    6.53784
600000     4390000     -14000    6.58816
600000     4390000     -15000    6.63623
600000     4390000     -16000    6.68353
600000     4390000     -17000    6.73057
600000     4390000     -18000    6.77773
600000     4390000     -19000    6.83089
600000     4390000     -20000    6.88717
600000     4390000     -21000    6.94346
600000     4390000     -22000    6.99976
600000     4390000     -23000    7.05604
600000     4390000     -24000    7.11233
600000     4395000     2000    3.63632
600000     4395000     1000    3.91121
600000     4395000     0    4.18636
600000     4395000     -1000    4.78566
600000     4395000     -2000    4.97806
600000     4395000     -3000    5.19292
600000     4395000     -4000    5.45404
600000     4395000     -5000    5.72475
600000     4395000     -6000    5.97636
600000     4395000     -7000    6.07447
600000     4395000     -8000    6.16859
600000     4395000     -9000    6.28853
600000     4395000     -10000    6.32905
600000     4395000     -11000    6.36154
600000     4395000     -12000    6.42443
600000     4395000     -13000    6.50646
600000     4395000     -14000    6.57654
600000     4395000     -15000    6.63259
600000     4395000     -16000    6.68312
600000     4395000     -17000    6.73085
600000     4395000     -18000    6.77797
600000     4395000     -19000    6.831
600000     4395000     -20000    6.88719
600000     4395000     -21000    6.94346
600000     4395000     -22000    6.99975
600000     4395000     -23000    7.05604
600000     4395000     -24000    7.11233
600000     4400000     2000    3.63633
600000     4400000     1000    3.91263
600000     4400000     0    4.18936
600000     4400000     -1000    4.79003
600000     4400000     -2000    4.981
600000     4400000     -3000    5.19442
600000     4400000     -4000    5.4574
600000     4400000     -5000    5.73613
600000     4400000     -6000    5.94317
600000     4400000     -7000    5.96249
600000     4400000     -8000    6.11349
600000     4400000     -9000    6.29274
600000     4400000     -10000    6.35404
600000     4400000     -11000    6.43103
600000     4400000     -12000    6.47875
600000     4400000     -13000    6.52915
600000     4400000     -14000    6.58334
600000     4400000     -15000    6.6343
600000     4400000     -16000    6.68334
600000     4400000     -17000    6.73087
600000     4400000     -18000    6.77808
600000     4400000     -19000    6.8311
600000     4400000     -20000    6.88724
600000     4400000     -21000    6.94348
600000     4400000     -22000    6.99976
600000     4400000     -23000    7.05604
600000     4400000     -24000    7.11233
600000     4405000     2000    3.63716
600000     4405000     1000    3.91551
600000     4405000     0    4.18877
600000     4405000     -1000    4.77484
600000     4405000     -2000    4.9463
600000     4405000     -3000    5.15809
600000     4405000     -4000    5.44988
600000     4405000     -5000    5.86458
600000     4405000     -6000    6.20749
600000     4405000     -7000    6.26428
600000     4405000     -8000    6.22629
600000     4405000     -9000    6.27072
600000     4405000     -10000    6.321
600000     4405000     -11000    6.43119
600000     4405000     -12000    6.48819
600000     4405000     -13000    6.53205
600000     4405000     -14000    6.5831
600000     4405000     -15000    6.63508
600000     4405000     -16000    6.68383
600000     4405000     -17000    6.7309
600000     4405000     -18000    6.77795
600000     4405000     -19000    6.831
600000     4405000     -20000    6.8872
600000     4405000     -21000    6.94347
600000     4405000     -22000    6.99976
600000     4405000     -23000    7.05604
600000     4405000     -24000    7.11233
600000     4410000     2000    3.63985
600000     4410000     1000    3.90358
600000     4410000     0    4.13202
600000     4410000     -1000    4.61831
600000     4410000     -2000    4.72274
600000     4410000     -3000    4.91344
600000     4410000     -4000    5.30113
600000     4410000     -5000    6.03479
600000     4410000     -6000    5.99017
600000     4410000     -7000    6.35477
600000     4410000     -8000    6.37229
600000     4410000     -9000    6.39367
600000     4410000     -10000    6.31611
600000     4410000     -11000    6.41102
600000     4410000     -12000    6.47472
600000     4410000     -13000    6.51667
600000     4410000     -14000    6.56686
600000     4410000     -15000    6.62877
600000     4410000     -16000    6.68282
600000     4410000     -17000    6.73065
600000     4410000     -18000    6.77776
600000     4410000     -19000    6.83089
600000     4410000     -20000    6.88716
600000     4410000     -21000    6.94346
600000     4410000     -22000    6.99976
600000     4410000     -23000    7.05604
600000     4410000     -24000    7.11233
600000     4415000     2000    3.64102
600000     4415000     1000    3.88378
600000     4415000     0    4.12682
600000     4415000     -1000    4.64067
600000     4415000     -2000    4.71223
600000     4415000     -3000    4.73719
600000     4415000     -4000    4.98211
600000     4415000     -5000    5.36222
600000     4415000     -6000    5.37824
600000     4415000     -7000    6.67758
600000     4415000     -8000    6.73899
600000     4415000     -9000    6.3742
600000     4415000     -10000    6.31398
600000     4415000     -11000    6.40088
600000     4415000     -12000    6.4753
600000     4415000     -13000    6.50729
600000     4415000     -14000    6.54433
600000     4415000     -15000    6.62166
600000     4415000     -16000    6.68166
600000     4415000     -17000    6.73078
600000     4415000     -18000    6.77784
600000     4415000     -19000    6.83092
600000     4415000     -20000    6.88717
600000     4415000     -21000    6.94346
600000     4415000     -22000    6.99976
600000     4415000     -23000    7.05604
600000     4415000     -24000    7.11233
600000     4420000     2000    3.63912
600000     4420000     1000    3.90484
600000     4420000     0    4.17964
600000     4420000     -1000    4.78558
600000     4420000     -2000    5.18064
600000     4420000     -3000    5.29355
600000     4420000     -4000    5.44917
600000     4420000     -5000    5.70054
600000     4420000     -6000    5.93485
600000     4420000     -7000    6.79147
600000     4420000     -8000    6.58145
600000     4420000     -9000    6.33459
600000     4420000     -10000    6.22993
600000     4420000     -11000    6.29176
600000     4420000     -12000    6.39446
600000     4420000     -13000    6.45848
600000     4420000     -14000    6.51487
600000     4420000     -15000    6.61412
600000     4420000     -16000    6.6814
600000     4420000     -17000    6.7316
600000     4420000     -18000    6.77838
600000     4420000     -19000    6.8312
600000     4420000     -20000    6.88727
600000     4420000     -21000    6.94348
600000     4420000     -22000    6.99975
600000     4420000     -23000    7.05604
600000     4420000     -24000    7.11233
600000     4425000     2000    3.63697
600000     4425000     1000    3.91413
600000     4425000     0    4.193
600000     4425000     -1000    4.79984
600000     4425000     -2000    5.02823
600000     4425000     -3000    5.22371
600000     4425000     -4000    5.49596
600000     4425000     -5000    5.86186
600000     4425000     -6000    6.31306
600000     4425000     -7000    6.61584
600000     4425000     -8000    6.47551
600000     4425000     -9000    6.53233
600000     4425000     -10000    6.42798
600000     4425000     -11000    6.39954
600000     4425000     -12000    6.41478
600000     4425000     -13000    6.45183
600000     4425000     -14000    6.51934
600000     4425000     -15000    6.60475
600000     4425000     -16000    6.68309
600000     4425000     -17000    6.73165
600000     4425000     -18000    6.77845
600000     4425000     -19000    6.83142
600000     4425000     -20000    6.8874
600000     4425000     -21000    6.94352
600000     4425000     -22000    6.99975
600000     4425000     -23000    7.05604
600000     4425000     -24000    7.11233
600000     4430000     2000    3.63634
600000     4430000     1000    3.9122
600000     4430000     0    4.18805
600000     4430000     -1000    4.78755
600000     4430000     -2000    4.98143
600000     4430000     -3000    5.19406
600000     4430000     -4000    5.45831
600000     4430000     -5000    5.75183
600000     4430000     -6000    6.10837
600000     4430000     -7000    6.26151
600000     4430000     -8000    6.28843
600000     4430000     -9000    6.54726
600000     4430000     -10000    6.40305
600000     4430000     -11000    6.42833
600000     4430000     -12000    6.46525
600000     4430000     -13000    6.48344
600000     4430000     -14000    6.55077
600000     4430000     -15000    6.63955
600000     4430000     -16000    6.70584
600000     4430000     -17000    6.73569
600000     4430000     -18000    6.77862
600000     4430000     -19000    6.83122
600000     4430000     -20000    6.88731
600000     4430000     -21000    6.94349
600000     4430000     -22000    6.99975
600000     4430000     -23000    7.05604
600000     4430000     -24000    7.11233
600000     4435000     2000    3.63632
600000     4435000     1000    3.91119
600000     4435000     0    4.18609
600000     4435000     -1000    4.78485
600000     4435000     -2000    4.97703
600000     4435000     -3000    5.19294
600000     4435000     -4000    5.45593
600000     4435000     -5000    5.72685
600000     4435000     -6000    5.97962
600000     4435000     -7000    6.04163
600000     4435000     -8000    6.258
600000     4435000     -9000    6.25074
600000     4435000     -10000    6.1835
600000     4435000     -11000    6.27349
600000     4435000     -12000    6.40211
600000     4435000     -13000    6.54855
600000     4435000     -14000    6.60971
600000     4435000     -15000    6.63324
600000     4435000     -16000    6.68589
600000     4435000     -17000    6.73175
600000     4435000     -18000    6.77798
600000     4435000     -19000    6.83098
600000     4435000     -20000    6.88721
600000     4435000     -21000    6.94347
600000     4435000     -22000    6.99975
600000     4435000     -23000    7.05604
600000     4435000     -24000    7.11233
600000     4440000     2000    3.63637
600000     4440000     1000    3.91135
600000     4440000     0    4.18642
600000     4440000     -1000    4.78549
600000     4440000     -2000    4.97756
600000     4440000     -3000    5.19155
600000     4440000     -4000    5.44578
600000     4440000     -5000    5.69329
600000     4440000     -6000    5.92066
600000     4440000     -7000    6.13338
600000     4440000     -8000    6.55575
600000     4440000     -9000    6.4237
600000     4440000     -10000    6.28952
600000     4440000     -11000    6.34729
600000     4440000     -12000    6.51449
600000     4440000     -13000    6.77408
600000     4440000     -14000    6.63947
600000     4440000     -15000    6.61517
600000     4440000     -16000    6.6733
600000     4440000     -17000    6.73016
600000     4440000     -18000    6.77786
600000     4440000     -19000    6.83094
600000     4440000     -20000    6.88719
600000     4440000     -21000    6.94347
600000     4440000     -22000    6.99976
600000     4440000     -23000    7.05604
600000     4440000     -24000    7.11233
600000     4445000     2000    3.63654
600000     4445000     1000    3.91141
600000     4445000     0    4.18566
600000     4445000     -1000    4.7818
600000     4445000     -2000    4.96762
600000     4445000     -3000    5.16609
600000     4445000     -4000    5.38289
600000     4445000     -5000    5.57057
600000     4445000     -6000    5.80621
600000     4445000     -7000    6.11357
600000     4445000     -8000    6.28319
600000     4445000     -9000    6.33173
600000     4445000     -10000    6.34937
600000     4445000     -11000    6.38771
600000     4445000     -12000    6.46096
600000     4445000     -13000    6.53877
600000     4445000     -14000    6.51766
600000     4445000     -15000    6.60008
600000     4445000     -16000    6.67666
600000     4445000     -17000    6.7305
600000     4445000     -18000    6.77781
600000     4445000     -19000    6.83091
600000     4445000     -20000    6.88719
600000     4445000     -21000    6.94347
600000     4445000     -22000    6.99976
600000     4445000     -23000    7.05604
600000     4445000     -24000    7.11233
600000     4450000     2000    3.63675
600000     4450000     1000    3.90833
600000     4450000     0    4.17783
600000     4450000     -1000    4.77123
600000     4450000     -2000    4.96043
600000     4450000     -3000    5.16905
600000     4450000     -4000    5.41644
600000     4450000     -5000    5.68192
600000     4450000     -6000    5.99178
600000     4450000     -7000    6.23167
600000     4450000     -8000    6.29737
600000     4450000     -9000    6.35021
600000     4450000     -10000    6.39596
600000     4450000     -11000    6.44022
600000     4450000     -12000    6.48732
600000     4450000     -13000    6.53477
600000     4450000     -14000    6.57589
600000     4450000     -15000    6.6313
600000     4450000     -16000    6.68298
600000     4450000     -17000    6.73061
600000     4450000     -18000    6.77769
600000     4450000     -19000    6.83088
600000     4450000     -20000    6.88718
600000     4450000     -21000    6.94347
600000     4450000     -22000    6.99976
600000     4450000     -23000    7.05604
600000     4450000     -24000    7.11233
600000     4455000     2000    3.63653
600000     4455000     1000    3.91125
600000     4455000     0    4.18596
600000     4455000     -1000    4.78489
600000     4455000     -2000    4.97692
600000     4455000     -3000    5.19122
600000     4455000     -4000    5.4511
600000     4455000     -5000    5.72767
600000     4455000     -6000    6.03773
600000     4455000     -7000    6.26084
600000     4455000     -8000    6.30733
600000     4455000     -9000    6.35427
600000     4455000     -10000    6.40142
600000     4455000     -11000    6.44812
600000     4455000     -12000    6.49448
600000     4455000     -13000    6.54094
600000     4455000     -14000    6.58793
600000     4455000     -15000    6.63588
600000     4455000     -16000    6.6832
600000     4455000     -17000    6.73034
600000     4455000     -18000    6.77764
600000     4455000     -19000    6.83089
600000     4455000     -20000    6.88718
600000     4455000     -21000    6.94347
600000     4455000     -22000    6.99976
600000     4455000     -23000    7.05604
600000     4455000     -24000    7.11233
600000     4460000     2000    3.63637
600000     4460000     1000    3.91132
600000     4460000     0    4.18631
600000     4460000     -1000    4.78523
600000     4460000     -2000    4.97727
600000     4460000     -3000    5.19206
600000     4460000     -4000    5.45315
600000     4460000     -5000    5.7301
600000     4460000     -6000    6.03918
600000     4460000     -7000    6.26133
600000     4460000     -8000    6.30748
600000     4460000     -9000    6.35397
600000     4460000     -10000    6.40071
600000     4460000     -11000    6.44741
600000     4460000     -12000    6.49401
600000     4460000     -13000    6.54099
600000     4460000     -14000    6.58833
600000     4460000     -15000    6.63565
600000     4460000     -16000    6.68293
600000     4460000     -17000    6.73026
600000     4460000     -18000    6.77763
600000     4460000     -19000    6.8309
600000     4460000     -20000    6.88719
600000     4460000     -21000    6.94347
600000     4460000     -22000    6.99976
600000     4460000     -23000    7.05604
600000     4460000     -24000    7.11233
600000     4465000     2000    3.63635
600000     4465000     1000    3.91111
600000     4465000     0    4.18588
600000     4465000     -1000    4.78449
600000     4465000     -2000    4.97643
600000     4465000     -3000    5.1912
600000     4465000     -4000    5.45233
600000     4465000     -5000    5.72928
600000     4465000     -6000    6.03833
600000     4465000     -7000    6.26073
600000     4465000     -8000    6.30726
600000     4465000     -9000    6.35384
600000     4465000     -10000    6.40044
600000     4465000     -11000    6.44705
600000     4465000     -12000    6.49365
600000     4465000     -13000    6.54076
600000     4465000     -14000    6.58814
600000     4465000     -15000    6.6355
600000     4465000     -16000    6.68287
600000     4465000     -17000    6.73026
600000     4465000     -18000    6.77764
600000     4465000     -19000    6.8309
600000     4465000     -20000    6.88719
600000     4465000     -21000    6.94347
600000     4465000     -22000    6.99976
600000     4465000     -23000    7.05604
600000     4465000     -24000    7.11233
600000     4470000     2000    3.63636
600000     4470000     1000    3.91107
600000     4470000     0    4.18579
600000     4470000     -1000    4.78435
600000     4470000     -2000    4.97627
600000     4470000     -3000    5.19104
600000     4470000     -4000    5.45218
600000     4470000     -5000    5.72913
600000     4470000     -6000    6.03821
600000     4470000     -7000    6.26066
600000     4470000     -8000    6.30725
600000     4470000     -9000    6.35385
600000     4470000     -10000    6.40043
600000     4470000     -11000    6.44702
600000     4470000     -12000    6.49361
600000     4470000     -13000    6.54073
600000     4470000     -14000    6.58811
600000     4470000     -15000    6.63549
600000     4470000     -16000    6.68288
600000     4470000     -17000    6.73026
600000     4470000     -18000    6.77764
600000     4470000     -19000    6.8309
600000     4470000     -20000    6.88719
600000     4470000     -21000    6.94347
600000     4470000     -22000    6.99976
600000     4470000     -23000    7.05604
600000     4470000     -24000    7.11233
600000     4475000     2000    3.63636
600000     4475000     1000    3.91108
600000     4475000     0    4.18579
600000     4475000     -1000    4.78435
600000     4475000     -2000    4.97627
600000     4475000     -3000    5.19104
600000     4475000     -4000    5.45218
600000     4475000     -5000    5.72913
600000     4475000     -6000    6.03821
600000     4475000     -7000    6.26067
600000     4475000     -8000    6.30726
600000     4475000     -9000    6.35385
600000     4475000     -10000    6.40044
600000     4475000     -11000    6.44703
600000     4475000     -12000    6.49362
600000     4475000     -13000    6.54073
600000     4475000     -14000    6.58811
600000     4475000     -15000    6.6355
600000     4475000     -16000    6.68288
600000     4475000     -17000    6.73026
600000     4475000     -18000    6.77764
600000     4475000     -19000    6.8309
600000     4475000     -20000    6.88719
600000     4475000     -21000    6.94347
600000     4475000     -22000    6.99976
600000     4475000     -23000    7.05604
600000     4475000     -24000    7.11233
600000     4480000     2000    3.63636
600000     4480000     1000    3.91108
600000     4480000     0    4.18579
600000     4480000     -1000    4.78436
600000     4480000     -2000    4.97628
600000     4480000     -3000    5.19104
600000     4480000     -4000    5.45218
600000     4480000     -5000    5.72914
600000     4480000     -6000    6.03822
600000     4480000     -7000    6.26067
600000     4480000     -8000    6.30726
600000     4480000     -9000    6.35385
600000     4480000     -10000    6.40044
600000     4480000     -11000    6.44703
600000     4480000     -12000    6.49362
600000     4480000     -13000    6.54073
600000     4480000     -14000    6.58811
600000     4480000     -15000    6.6355
600000     4480000     -16000    6.68288
600000     4480000     -17000    6.73026
600000     4480000     -18000    6.77764
600000     4480000     -19000    6.8309
600000     4480000     -20000    6.88719
600000     4480000     -21000    6.94347
600000     4480000     -22000    6.99976
600000     4480000     -23000    7.05604
600000     4480000     -24000    7.11233
