610000     4360000     2000    3.63636
610000     4365000     2000    3.63636
610000     4370000     2000    3.63636
610000     4375000     2000    3.63636
610000     4380000     2000    3.63636
610000     4385000     2000    3.63641
610000     4390000     2000    3.63649
610000     4395000     2000    3.63644
610000     4400000     2000    3.63669
610000     4405000     2000    3.6384
610000     4410000     2000    3.63324
610000     4415000     2000    3.63752
610000     4420000     2000    3.63805
610000     4425000     2000    3.63658
610000     4430000     2000    3.63634
610000     4435000     2000    3.63635
610000     4440000     2000    3.63636
610000     4445000     2000    3.63636
610000     4450000     2000    3.63636
610000     4455000     2000    3.63636
610000     4460000     2000    3.63636
610000     4465000     2000    3.63636
610000     4470000     2000    3.63636
610000     4475000     2000    3.63636
610000     4480000     2000    3.63636
610000     4360000     1000    3.91108
610000     4365000     1000    3.91107
610000     4370000     1000    3.91107
610000     4375000     1000    3.91108
610000     4380000     1000    3.91116
610000     4385000     1000    3.9112
610000     4390000     1000    3.91031
610000     4395000     1000    3.91139
610000     4400000     1000    3.91281
610000     4405000     1000    3.9021
610000     4410000     1000    3.81095
610000     4415000     1000    3.85302
610000     4420000     1000    3.90775
610000     4425000     1000    3.91284
610000     4430000     1000    3.91145
610000     4435000     1000    3.91107
610000     4440000     1000    3.91106
610000     4445000     1000    3.91111
610000     4450000     1000    3.91114
610000     4455000     1000    3.91111
610000     4460000     1000    3.91107
610000     4465000     1000    3.91107
610000     4470000     1000    3.91108
610000     4475000     1000    3.91108
610000     4480000     1000    3.91108
610000     4360000     0    4.18579
610000     4365000     0    4.18579
610000     4370000     0    4.18579
610000     4375000     0    4.18583
610000     4380000     0    4.18596
610000     4385000     0    4.18516
610000     4390000     0    4.17804
610000     4395000     0    4.18375
610000     4400000     0    4.18792
610000     4405000     0    4.14778
610000     4410000     0    3.87586
610000     4415000     0    4.00304
610000     4420000     0    4.16398
610000     4425000     0    4.18815
610000     4430000     0    4.18668
610000     4435000     0    4.18583
610000     4440000     0    4.18578
610000     4445000     0    4.18588
610000     4450000     0    4.18594
610000     4455000     0    4.18586
610000     4460000     0    4.18579
610000     4465000     0    4.18578
610000     4470000     0    4.18579
610000     4475000     0    4.18579
610000     4480000     0    4.18579
610000     4360000     -1000    4.78436
610000     4365000     -1000    4.78435
610000     4370000     -1000    4.78435
610000     4375000     -1000    4.78443
610000     4380000     -1000    4.78462
610000     4385000     -1000    4.78244
610000     4390000     -1000    4.76466
610000     4395000     -1000    4.77517
610000     4400000     -1000    4.78711
610000     4405000     -1000    4.73667
610000     4410000     -1000    4.42548
610000     4415000     -1000    4.55049
610000     4420000     -1000    4.7363
610000     4425000     -1000    4.7851
610000     4430000     -1000    4.78548
610000     4435000     -1000    4.78442
610000     4440000     -1000    4.78436
610000     4445000     -1000    4.78456
610000     4450000     -1000    4.78464
610000     4455000     -1000    4.78448
610000     4460000     -1000    4.78435
610000     4465000     -1000    4.78434
610000     4470000     -1000    4.78435
610000     4475000     -1000    4.78436
610000     4480000     -1000    4.78436
610000     4360000     -2000    4.97628
610000     4365000     -2000    4.97628
610000     4370000     -2000    4.97627
610000     4375000     -2000    4.97636
610000     4380000     -2000    4.97656
610000     4385000     -2000    4.97348
610000     4390000     -2000    4.94786
610000     4395000     -2000    4.95193
610000     4400000     -2000    4.963
610000     4405000     -2000    4.90869
610000     4410000     -2000    4.71979
610000     4415000     -2000    4.86041
610000     4420000     -2000    5.00417
610000     4425000     -2000    4.9877
610000     4430000     -2000    4.97803
610000     4435000     -2000    4.97628
610000     4440000     -2000    4.97634
610000     4445000     -2000    4.97665
610000     4450000     -2000    4.97668
610000     4455000     -2000    4.97643
610000     4460000     -2000    4.97627
610000     4465000     -2000    4.97626
610000     4470000     -2000    4.97628
610000     4475000     -2000    4.97628
610000     4480000     -2000    4.97628
610000     4360000     -3000    5.19104
610000     4365000     -3000    5.19104
610000     4370000     -3000    5.19103
610000     4375000     -3000    5.19112
610000     4380000     -3000    5.19133
610000     4385000     -3000    5.18746
610000     4390000     -3000    5.15323
610000     4395000     -3000    5.12846
610000     4400000     -3000    5.12107
610000     4405000     -3000    5.09877
610000     4410000     -3000    4.95035
610000     4415000     -3000    5.10717
610000     4420000     -3000    5.20052
610000     4425000     -3000    5.19734
610000     4430000     -3000    5.19287
610000     4435000     -3000    5.19139
610000     4440000     -3000    5.19145
610000     4445000     -3000    5.19175
610000     4450000     -3000    5.19163
610000     4455000     -3000    5.19125
610000     4460000     -3000    5.19104
610000     4465000     -3000    5.19103
610000     4470000     -3000    5.19104
610000     4475000     -3000    5.19104
610000     4480000     -3000    5.19104
610000     4360000     -4000    5.45218
610000     4365000     -4000    5.45218
610000     4370000     -4000    5.45216
610000     4375000     -4000    5.45225
610000     4380000     -4000    5.45252
610000     4385000     -4000    5.44829
610000     4390000     -4000    5.40807
610000     4395000     -4000    5.36204
610000     4400000     -4000    5.44684
610000     4405000     -4000    5.39158
610000     4410000     -4000    5.21871
610000     4415000     -4000    5.48716
610000     4420000     -4000    5.42744
610000     4425000     -4000    5.43336
610000     4430000     -4000    5.45191
610000     4435000     -4000    5.45389
610000     4440000     -4000    5.45383
610000     4445000     -4000    5.45357
610000     4450000     -4000    5.4532
610000     4455000     -4000    5.45252
610000     4460000     -4000    5.45219
610000     4465000     -4000    5.45216
610000     4470000     -4000    5.45218
610000     4475000     -4000    5.45218
610000     4480000     -4000    5.45218
610000     4360000     -5000    5.72914
610000     4365000     -5000    5.72913
610000     4370000     -5000    5.72911
610000     4375000     -5000    5.72922
610000     4380000     -5000    5.7297
610000     4385000     -5000    5.72518
610000     4390000     -5000    5.67759
610000     4395000     -5000    5.61064
610000     4400000     -5000    5.73603
610000     4405000     -5000    5.67748
610000     4410000     -5000    5.62799
610000     4415000     -5000    5.91735
610000     4420000     -5000    5.70573
610000     4425000     -5000    5.63608
610000     4430000     -5000    5.70714
610000     4435000     -5000    5.72854
610000     4440000     -5000    5.7301
610000     4445000     -5000    5.73005
610000     4450000     -5000    5.73113
610000     4455000     -5000    5.72983
610000     4460000     -5000    5.72918
610000     4465000     -5000    5.72911
610000     4470000     -5000    5.72913
610000     4475000     -5000    5.72914
610000     4480000     -5000    5.72914
610000     4360000     -6000    6.03822
610000     4365000     -6000    6.0382
610000     4370000     -6000    6.03819
610000     4375000     -6000    6.03842
610000     4380000     -6000    6.03933
610000     4385000     -6000    6.03496
610000     4390000     -6000    5.98562
610000     4395000     -6000    5.9389
610000     4400000     -6000    5.99723
610000     4405000     -6000    6.00904
610000     4410000     -6000    6.02593
610000     4415000     -6000    6.24168
610000     4420000     -6000    5.99434
610000     4425000     -6000    5.81742
610000     4430000     -6000    5.89914
610000     4435000     -6000    5.98191
610000     4440000     -6000    6.00263
610000     4445000     -6000    6.02507
610000     4450000     -6000    6.0398
610000     4455000     -6000    6.03933
610000     4460000     -6000    6.03835
610000     4465000     -6000    6.0382
610000     4470000     -6000    6.03821
610000     4475000     -6000    6.03822
610000     4480000     -6000    6.03822
610000     4360000     -7000    6.26067
610000     4365000     -7000    6.26066
610000     4370000     -7000    6.26067
610000     4375000     -7000    6.26098
610000     4380000     -7000    6.26214
610000     4385000     -7000    6.25854
610000     4390000     -7000    6.2218
610000     4395000     -7000    6.21775
610000     4400000     -7000    6.3883
610000     4405000     -7000    6.27213
610000     4410000     -7000    6.23288
610000     4415000     -7000    6.31217
610000     4420000     -7000    6.14542
610000     4425000     -7000    5.988
610000     4430000     -7000    5.98704
610000     4435000     -7000    5.98087
610000     4440000     -7000    6.10974
610000     4445000     -7000    6.22433
610000     4450000     -7000    6.25976
610000     4455000     -7000    6.26165
610000     4460000     -7000    6.26083
610000     4465000     -7000    6.26067
610000     4470000     -7000    6.26067
610000     4475000     -7000    6.26067
610000     4480000     -7000    6.26067
610000     4360000     -8000    6.30726
610000     4365000     -8000    6.30725
610000     4370000     -8000    6.30724
610000     4375000     -8000    6.30742
610000     4380000     -8000    6.30841
610000     4385000     -8000    6.30768
610000     4390000     -8000    6.2872
610000     4395000     -8000    6.26838
610000     4400000     -8000    6.30807
610000     4405000     -8000    6.26708
610000     4410000     -8000    6.26563
610000     4415000     -8000    6.28199
610000     4420000     -8000    6.18835
610000     4425000     -8000    6.0546
610000     4430000     -8000    6.12978
610000     4435000     -8000    6.23384
610000     4440000     -8000    6.32372
610000     4445000     -8000    6.30821
610000     4450000     -8000    6.3086
610000     4455000     -8000    6.30775
610000     4460000     -8000    6.3073
610000     4465000     -8000    6.30725
610000     4470000     -8000    6.30726
610000     4475000     -8000    6.30726
610000     4480000     -8000    6.30726
610000     4360000     -9000    6.35385
610000     4365000     -9000    6.35385
610000     4370000     -9000    6.35383
610000     4375000     -9000    6.35386
610000     4380000     -9000    6.35435
610000     4385000     -9000    6.35524
610000     4390000     -9000    6.35079
610000     4395000     -9000    6.34381
610000     4400000     -9000    6.35466
610000     4405000     -9000    6.34788
610000     4410000     -9000    6.3483
610000     4415000     -9000    6.34389
610000     4420000     -9000    6.28628
610000     4425000     -9000    6.1841
610000     4430000     -9000    6.0967
610000     4435000     -9000    6.28919
610000     4440000     -9000    6.35528
610000     4445000     -9000    6.34979
610000     4450000     -9000    6.35415
610000     4455000     -9000    6.35415
610000     4460000     -9000    6.35388
610000     4465000     -9000    6.35384
610000     4470000     -9000    6.35385
610000     4475000     -9000    6.35385
610000     4480000     -9000    6.35385
610000     4360000     -10000    6.40044
610000     4365000     -10000    6.40044
610000     4370000     -10000    6.40043
610000     4375000     -10000    6.40042
610000     4380000     -10000    6.40056
610000     4385000     -10000    6.40114
610000     4390000     -10000    6.40039
610000     4395000     -10000    6.39664
610000     4400000     -10000    6.40212
610000     4405000     -10000    6.40144
610000     4410000     -10000    6.40115
610000     4415000     -10000    6.3996
610000     4420000     -10000    6.3665
610000     4425000     -10000    6.30474
610000     4430000     -10000    6.14877
610000     4435000     -10000    6.23623
610000     4440000     -10000    6.36586
610000     4445000     -10000    6.38926
610000     4450000     -10000    6.40101
610000     4455000     -10000    6.40103
610000     4460000     -10000    6.40051
610000     4465000     -10000    6.40043
610000     4470000     -10000    6.40044
610000     4475000     -10000    6.40044
610000     4480000     -10000    6.40044
610000     4360000     -11000    6.44703
610000     4365000     -11000    6.44703
610000     4370000     -11000    6.44703
610000     4375000     -11000    6.44702
610000     4380000     -11000    6.44705
610000     4385000     -11000    6.44737
610000     4390000     -11000    6.44767
610000     4395000     -11000    6.44609
610000     4400000     -11000    6.44837
610000     4405000     -11000    6.44838
610000     4410000     -11000    6.44853
610000     4415000     -11000    6.44869
610000     4420000     -11000    6.43232
610000     4425000     -11000    6.39608
610000     4430000     -11000    6.29193
610000     4435000     -11000    6.21893
610000     4440000     -11000    6.3493
610000     4445000     -11000    6.41919
610000     4450000     -11000    6.44648
610000     4455000     -11000    6.4478
610000     4460000     -11000    6.44715
610000     4465000     -11000    6.44703
610000     4470000     -11000    6.44703
610000     4475000     -11000    6.44703
610000     4480000     -11000    6.44703
610000     4360000     -12000    6.49362
610000     4365000     -12000    6.49362
610000     4370000     -12000    6.49362
610000     4375000     -12000    6.49361
610000     4380000     -12000    6.49362
610000     4385000     -12000    6.49379
610000     4390000     -12000    6.49422
610000     4395000     -12000    6.49378
610000     4400000     -12000    6.4944
610000     4405000     -12000    6.49428
610000     4410000     -12000    6.4945
610000     4415000     -12000    6.49534
610000     4420000     -12000    6.48867
610000     4425000     -12000    6.46423
610000     4430000     -12000    6.40465
610000     4435000     -12000    6.33401
610000     4440000     -12000    6.36491
610000     4445000     -12000    6.45063
610000     4450000     -12000    6.4905
610000     4455000     -12000    6.49411
610000     4460000     -12000    6.49373
610000     4465000     -12000    6.49362
610000     4470000     -12000    6.49362
610000     4475000     -12000    6.49362
610000     4480000     -12000    6.49362
610000     4360000     -13000    6.54073
610000     4365000     -13000    6.54073
610000     4370000     -13000    6.54073
610000     4375000     -13000    6.54073
610000     4380000     -13000    6.54072
610000     4385000     -13000    6.54079
610000     4390000     -13000    6.54108
610000     4395000     -13000    6.54112
610000     4400000     -13000    6.54121
610000     4405000     -13000    6.54114
610000     4410000     -13000    6.54134
610000     4415000     -13000    6.54204
610000     4420000     -13000    6.53898
610000     4425000     -13000    6.51736
610000     4430000     -13000    6.48679
610000     4435000     -13000    6.45093
610000     4440000     -13000    6.55061
610000     4445000     -13000    6.5333
610000     4450000     -13000    6.5406
610000     4455000     -13000    6.54105
610000     4460000     -13000    6.54077
610000     4465000     -13000    6.54072
610000     4470000     -13000    6.54073
610000     4475000     -13000    6.54073
610000     4480000     -13000    6.54073
610000     4360000     -14000    6.58811
610000     4365000     -14000    6.58811
610000     4370000     -14000    6.58811
610000     4375000     -14000    6.58811
610000     4380000     -14000    6.5881
610000     4385000     -14000    6.58812
610000     4390000     -14000    6.58827
610000     4395000     -14000    6.58842
610000     4400000     -14000    6.58841
610000     4405000     -14000    6.58841
610000     4410000     -14000    6.58859
610000     4415000     -14000    6.58899
610000     4420000     -14000    6.58759
610000     4425000     -14000    6.57387
610000     4430000     -14000    6.55812
610000     4435000     -14000    6.51154
610000     4440000     -14000    6.55165
610000     4445000     -14000    6.57381
610000     4450000     -14000    6.58718
610000     4455000     -14000    6.58838
610000     4460000     -14000    6.58816
610000     4465000     -14000    6.58811
610000     4470000     -14000    6.58811
610000     4475000     -14000    6.58811
610000     4480000     -14000    6.58811
610000     4360000     -15000    6.6355
610000     4365000     -15000    6.6355
610000     4370000     -15000    6.6355
610000     4375000     -15000    6.6355
610000     4380000     -15000    6.63549
610000     4385000     -15000    6.63548
610000     4390000     -15000    6.63553
610000     4395000     -15000    6.63563
610000     4400000     -15000    6.63561
610000     4405000     -15000    6.63562
610000     4410000     -15000    6.63578
610000     4415000     -15000    6.63614
610000     4420000     -15000    6.63562
610000     4425000     -15000    6.62783
610000     4430000     -15000    6.61897
610000     4435000     -15000    6.59931
610000     4440000     -15000    6.59369
610000     4445000     -15000    6.61999
610000     4450000     -15000    6.63458
610000     4455000     -15000    6.63576
610000     4460000     -15000    6.63555
610000     4465000     -15000    6.63549
610000     4470000     -15000    6.6355
610000     4475000     -15000    6.6355
610000     4480000     -15000    6.6355
610000     4360000     -16000    6.68288
610000     4365000     -16000    6.68288
610000     4370000     -16000    6.68288
610000     4375000     -16000    6.68288
610000     4380000     -16000    6.68287
610000     4385000     -16000    6.68287
610000     4390000     -16000    6.68288
610000     4395000     -16000    6.68291
610000     4400000     -16000    6.6829
610000     4405000     -16000    6.68289
610000     4410000     -16000    6.68296
610000     4415000     -16000    6.68315
610000     4420000     -16000    6.68332
610000     4425000     -16000    6.68172
610000     4430000     -16000    6.68028
610000     4435000     -16000    6.67044
610000     4440000     -16000    6.64786
610000     4445000     -16000    6.67619
610000     4450000     -16000    6.68298
610000     4455000     -16000    6.68308
610000     4460000     -16000    6.6829
610000     4465000     -16000    6.68288
610000     4470000     -16000    6.68288
610000     4475000     -16000    6.68288
610000     4480000     -16000    6.68288
610000     4360000     -17000    6.73026
610000     4365000     -17000    6.73026
610000     4370000     -17000    6.73026
610000     4375000     -17000    6.73026
610000     4380000     -17000    6.73026
610000     4385000     -17000    6.73025
610000     4390000     -17000    6.73025
610000     4395000     -17000    6.73026
610000     4400000     -17000    6.73026
610000     4405000     -17000    6.73025
610000     4410000     -17000    6.73025
610000     4415000     -17000    6.73031
610000     4420000     -17000    6.73047
610000     4425000     -17000    6.73058
610000     4430000     -17000    6.73074
610000     4435000     -17000    6.72959
610000     4440000     -17000    6.7261
610000     4445000     -17000    6.73015
610000     4450000     -17000    6.73058
610000     4455000     -17000    6.73033
610000     4460000     -17000    6.73026
610000     4465000     -17000    6.73026
610000     4470000     -17000    6.73026
610000     4475000     -17000    6.73026
610000     4480000     -17000    6.73026
610000     4360000     -18000    6.77764
610000     4365000     -18000    6.77764
610000     4370000     -18000    6.77764
610000     4375000     -18000    6.77764
610000     4380000     -18000    6.77764
610000     4385000     -18000    6.77764
610000     4390000     -18000    6.77763
610000     4395000     -18000    6.77763
610000     4400000     -18000    6.77763
610000     4405000     -18000    6.77763
610000     4410000     -18000    6.77763
610000     4415000     -18000    6.77763
610000     4420000     -18000    6.77766
610000     4425000     -18000    6.77774
610000     4430000     -18000    6.77781
610000     4435000     -18000    6.77786
610000     4440000     -18000    6.77766
610000     4445000     -18000    6.77787
610000     4450000     -18000    6.77772
610000     4455000     -18000    6.77764
610000     4460000     -18000    6.77764
610000     4465000     -18000    6.77764
610000     4470000     -18000    6.77764
610000     4475000     -18000    6.77764
610000     4480000     -18000    6.77764
610000     4360000     -19000    6.8309
610000     4365000     -19000    6.8309
610000     4370000     -19000    6.8309
610000     4375000     -19000    6.8309
610000     4380000     -19000    6.8309
610000     4385000     -19000    6.8309
610000     4390000     -19000    6.8309
610000     4395000     -19000    6.83089
610000     4400000     -19000    6.83089
610000     4405000     -19000    6.83089
610000     4410000     -19000    6.83089
610000     4415000     -19000    6.83089
610000     4420000     -19000    6.83089
610000     4425000     -19000    6.8309
610000     4430000     -19000    6.83091
610000     4435000     -19000    6.83094
610000     4440000     -19000    6.83096
610000     4445000     -19000    6.83094
610000     4450000     -19000    6.8309
610000     4455000     -19000    6.83089
610000     4460000     -19000    6.8309
610000     4465000     -19000    6.8309
610000     4470000     -19000    6.8309
610000     4475000     -19000    6.8309
610000     4480000     -19000    6.8309
610000     4360000     -20000    6.88719
610000     4365000     -20000    6.88719
610000     4370000     -20000    6.88719
610000     4375000     -20000    6.88719
610000     4380000     -20000    6.88719
610000     4385000     -20000    6.88719
610000     4390000     -20000    6.88719
610000     4395000     -20000    6.88719
610000     4400000     -20000    6.88719
610000     4405000     -20000    6.88719
610000     4410000     -20000    6.88719
610000     4415000     -20000    6.88719
610000     4420000     -20000    6.88718
610000     4425000     -20000    6.88718
610000     4430000     -20000    6.88718
610000     4435000     -20000    6.88718
610000     4440000     -20000    6.88719
610000     4445000     -20000    6.88719
610000     4450000     -20000    6.88718
610000     4455000     -20000    6.88719
610000     4460000     -20000    6.88719
610000     4465000     -20000    6.88719
610000     4470000     -20000    6.88719
610000     4475000     -20000    6.88719
610000     4480000     -20000    6.88719
610000     4360000     -21000    6.94347
610000     4365000     -21000    6.94347
610000     4370000     -21000    6.94347
610000     4375000     -21000    6.94347
610000     4380000     -21000    6.94347
610000     4385000     -21000    6.94347
610000     4390000     -21000    6.94347
610000     4395000     -21000    6.94347
610000     4400000     -21000    6.94347
610000     4405000     -21000    6.94347
610000     4410000     -21000    6.94347
610000     4415000     -21000    6.94347
610000     4420000     -21000    6.94347
610000     4425000     -21000    6.94347
610000     4430000     -21000    6.94347
610000     4435000     -21000    6.94347
610000     4440000     -21000    6.94347
610000     4445000     -21000    6.94347
610000     4450000     -21000    6.94347
610000     4455000     -21000    6.94347
610000     4460000     -21000    6.94347
610000     4465000     -21000    6.94347
610000     4470000     -21000    6.94347
610000     4475000     -21000    6.94347
610000     4480000     -21000    6.94347
610000     4360000     -22000    6.99976
610000     4365000     -22000    6.99976
610000     4370000     -22000    6.99976
610000     4375000     -22000    6.99976
610000     4380000     -22000    6.99976
610000     4385000     -22000    6.99976
610000     4390000     -22000    6.99976
610000     4395000     -22000    6.99976
610000     4400000     -22000    6.99976
610000     4405000     -22000    6.99976
610000     4410000     -22000    6.99976
610000     4415000     -22000    6.99976
610000     4420000     -22000    6.99976
610000     4425000     -22000    6.99976
610000     4430000     -22000    6.99976
610000     4435000     -22000    6.99976
610000     4440000     -22000    6.99976
610000     4445000     -22000    6.99976
610000     4450000     -22000    6.99976
610000     4455000     -22000    6.99976
610000     4460000     -22000    6.99976
610000     4465000     -22000    6.99976
610000     4470000     -22000    6.99976
610000     4475000     -22000    6.99976
610000     4480000     -22000    6.99976
610000     4360000     -23000    7.05604
610000     4365000     -23000    7.05604
610000     4370000     -23000    7.05604
610000     4375000     -23000    7.05604
610000     4380000     -23000    7.05604
610000     4385000     -23000    7.05604
610000     4390000     -23000    7.05604
610000     4395000     -23000    7.05604
610000     4400000     -23000    7.05604
610000     4405000     -23000    7.05604
610000     4410000     -23000    7.05604
610000     4415000     -23000    7.05604
610000     4420000     -23000    7.05604
610000     4425000     -23000    7.05604
610000     4430000     -23000    7.05604
610000     4435000     -23000    7.05604
610000     4440000     -23000    7.05604
610000     4445000     -23000    7.05604
610000     4450000     -23000    7.05604
610000     4455000     -23000    7.05604
610000     4460000     -23000    7.05604
610000     4465000     -23000    7.05604
610000     4470000     -23000    7.05604
610000     4475000     -23000    7.05604
610000     4480000     -23000    7.05604
610000     4360000     -24000    7.11233
610000     4365000     -24000    7.11233
610000     4370000     -24000    7.11233
610000     4375000     -24000    7.11233
610000     4380000     -24000    7.11233
610000     4385000     -24000    7.11233
610000     4390000     -24000    7.11233
610000     4395000     -24000    7.11233
610000     4400000     -24000    7.11233
610000     4405000     -24000    7.11233
610000     4410000     -24000    7.11233
610000     4415000     -24000    7.11233
610000     4420000     -24000    7.11233
610000     4425000     -24000    7.11233
610000     4430000     -24000    7.11233
610000     4435000     -24000    7.11233
610000     4440000     -24000    7.11233
610000     4445000     -24000    7.11233
610000     4450000     -24000    7.11233
610000     4455000     -24000    7.11233
610000     4460000     -24000    7.11233
610000     4465000     -24000    7.11233
610000     4470000     -24000    7.11233
610000     4475000     -24000    7.11233
610000     4480000     -24000    7.11233
