560000     4360000     2000    3.63636
560000     4360000     1000    3.91108
560000     4360000     0    4.18579
560000     4360000     -1000    4.78435
560000     4360000     -2000    4.97628
560000     4360000     -3000    5.19104
560000     4360000     -4000    5.45218
560000     4360000     -5000    5.72914
560000     4360000     -6000    6.03822
560000     4360000     -7000    6.26067
560000     4360000     -8000    6.30726
560000     4360000     -9000    6.35385
560000     4360000     -10000    6.40044
560000     4360000     -11000    6.44703
560000     4360000     -12000    6.49362
560000     4360000     -13000    6.54073
560000     4360000     -14000    6.58811
560000     4360000     -15000    6.6355
560000     4360000     -16000    6.68288
560000     4360000     -17000    6.73026
560000     4360000     -18000    6.77764
560000     4360000     -19000    6.8309
560000     4360000     -20000    6.88719
560000     4360000     -21000    6.94347
560000     4360000     -22000    6.99976
560000     4360000     -23000    7.05604
560000     4360000     -24000    7.11233
560000     4365000     2000    3.63636
560000     4365000     1000    3.91107
560000     4365000     0    4.18578
560000     4365000     -1000    4.78433
560000     4365000     -2000    4.97626
560000     4365000     -3000    5.19103
560000     4365000     -4000    5.45217
560000     4365000     -5000    5.72913
560000     4365000     -6000    6.03821
560000     4365000     -7000    6.26067
560000     4365000     -8000    6.30726
560000     4365000     -9000    6.35385
560000     4365000     -10000    6.40044
560000     4365000     -11000    6.44703
560000     4365000     -12000    6.49362
560000     4365000     -13000    6.54073
560000     4365000     -14000    6.58811
560000     4365000     -15000    6.6355
560000     4365000     -16000    6.68288
560000     4365000     -17000    6.73026
560000     4365000     -18000    6.77764
560000     4365000     -19000    6.8309
560000     4365000     -20000    6.88719
560000     4365000     -21000    6.94347
560000     4365000     -22000    6.99976
560000     4365000     -23000    7.05604
560000     4365000     -24000    7.11233
560000     4370000     2000    3.63636
560000     4370000     1000    3.91107
560000     4370000     0    4.18579
560000     4370000     -1000    4.78434
560000     4370000     -2000    4.97625
560000     4370000     -3000    5.191
560000     4370000     -4000    5.45213
560000     4370000     -5000    5.72909
560000     4370000     -6000    6.03818
560000     4370000     -7000    6.26065
560000     4370000     -8000    6.30725
560000     4370000     -9000    6.35385
560000     4370000     -10000    6.40044
560000     4370000     -11000    6.44703
560000     4370000     -12000    6.49362
560000     4370000     -13000    6.54073
560000     4370000     -14000    6.58811
560000     4370000     -15000    6.6355
560000     4370000     -16000    6.68288
560000     4370000     -17000    6.73026
560000     4370000     -18000    6.77764
560000     4370000     -19000    6.8309
560000     4370000     -20000    6.88719
560000     4370000     -21000    6.94347
560000     4370000     -22000    6.99976
560000     4370000     -23000    7.05604
560000     4370000     -24000    7.11233
560000     4375000     2000    3.63636
560000     4375000     1000    3.91109
560000     4375000     0    4.18583
560000     4375000     -1000    4.7844
560000     4375000     -2000    4.9763
560000     4375000     -3000    5.19104
560000     4375000     -4000    5.45215
560000     4375000     -5000    5.72909
560000     4375000     -6000    6.03816
560000     4375000     -7000    6.26061
560000     4375000     -8000    6.30722
560000     4375000     -9000    6.35383
560000     4375000     -10000    6.40043
560000     4375000     -11000    6.44702
560000     4375000     -12000    6.49361
560000     4375000     -13000    6.54073
560000     4375000     -14000    6.58811
560000     4375000     -15000    6.63549
560000     4375000     -16000    6.68288
560000     4375000     -17000    6.73026
560000     4375000     -18000    6.77764
560000     4375000     -19000    6.8309
560000     4375000     -20000    6.88719
560000     4375000     -21000    6.94347
560000     4375000     -22000    6.99976
560000     4375000     -23000    7.05604
560000     4375000     -24000    7.11233
560000     4380000     2000    3.63636
560000     4380000     1000    3.91108
560000     4380000     0    4.18581
560000     4380000     -1000    4.78439
560000     4380000     -2000    4.97633
560000     4380000     -3000    5.19111
560000     4380000     -4000    5.45225
560000     4380000     -5000    5.72921
560000     4380000     -6000    6.03827
560000     4380000     -7000    6.26069
560000     4380000     -8000    6.30723
560000     4380000     -9000    6.35382
560000     4380000     -10000    6.40043
560000     4380000     -11000    6.44703
560000     4380000     -12000    6.49362
560000     4380000     -13000    6.54073
560000     4380000     -14000    6.58811
560000     4380000     -15000    6.63549
560000     4380000     -16000    6.68287
560000     4380000     -17000    6.73025
560000     4380000     -18000    6.77763
560000     4380000     -19000    6.83089
560000     4380000     -20000    6.88718
560000     4380000     -21000    6.94347
560000     4380000     -22000    6.99976
560000     4380000     -23000    7.05604
560000     4380000     -24000    7.11233
560000     4385000     2000    3.63636
560000     4385000     1000    3.91107
560000     4385000     0    4.18578
560000     4385000     -1000    4.78433
560000     4385000     -2000    4.97625
560000     4385000     -3000    5.19103
560000     4385000     -4000    5.45221
560000     4385000     -5000    5.72927
560000     4385000     -6000    6.03847
560000     4385000     -7000    6.26094
560000     4385000     -8000    6.30738
560000     4385000     -9000    6.3539
560000     4385000     -10000    6.40049
560000     4385000     -11000    6.44709
560000     4385000     -12000    6.49367
560000     4385000     -13000    6.54077
560000     4385000     -14000    6.58815
560000     4385000     -15000    6.63552
560000     4385000     -16000    6.68289
560000     4385000     -17000    6.73026
560000     4385000     -18000    6.77763
560000     4385000     -19000    6.83089
560000     4385000     -20000    6.88718
560000     4385000     -21000    6.94346
560000     4385000     -22000    6.99975
560000     4385000     -23000    7.05604
560000     4385000     -24000    7.11233
560000     4390000     2000    3.63636
560000     4390000     1000    3.91107
560000     4390000     0    4.18577
560000     4390000     -1000    4.78433
560000     4390000     -2000    4.97624
560000     4390000     -3000    5.191
560000     4390000     -4000    5.45215
560000     4390000     -5000    5.72924
560000     4390000     -6000    6.03854
560000     4390000     -7000    6.2611
560000     4390000     -8000    6.30754
560000     4390000     -9000    6.35401
560000     4390000     -10000    6.40057
560000     4390000     -11000    6.44715
560000     4390000     -12000    6.4937
560000     4390000     -13000    6.54079
560000     4390000     -14000    6.58819
560000     4390000     -15000    6.63557
560000     4390000     -16000    6.68295
560000     4390000     -17000    6.73032
560000     4390000     -18000    6.77769
560000     4390000     -19000    6.83096
560000     4390000     -20000    6.88724
560000     4390000     -21000    6.94348
560000     4390000     -22000    6.99975
560000     4390000     -23000    7.05604
560000     4390000     -24000    7.11233
560000     4395000     2000    3.63636
560000     4395000     1000    3.91105
560000     4395000     0    4.18572
560000     4395000     -1000    4.78426
560000     4395000     -2000    4.97622
560000     4395000     -3000    5.191
560000     4395000     -4000    5.45213
560000     4395000     -5000    5.72917
560000     4395000     -6000    6.03847
560000     4395000     -7000    6.26098
560000     4395000     -8000    6.30749
560000     4395000     -9000    6.35399
560000     4395000     -10000    6.40057
560000     4395000     -11000    6.44707
560000     4395000     -12000    6.49355
560000     4395000     -13000    6.5407
560000     4395000     -14000    6.58815
560000     4395000     -15000    6.63557
560000     4395000     -16000    6.68298
560000     4395000     -17000    6.73042
560000     4395000     -18000    6.77791
560000     4395000     -19000    6.83128
560000     4395000     -20000    6.88751
560000     4395000     -21000    6.94359
560000     4395000     -22000    6.99977
560000     4395000     -23000    7.05604
560000     4395000     -24000    7.11233
560000     4400000     2000    3.63635
560000     4400000     1000    3.91097
560000     4400000     0    4.1856
560000     4400000     -1000    4.78405
560000     4400000     -2000    4.976
560000     4400000     -3000    5.19083
560000     4400000     -4000    5.45201
560000     4400000     -5000    5.72908
560000     4400000     -6000    6.0384
560000     4400000     -7000    6.26075
560000     4400000     -8000    6.30768
560000     4400000     -9000    6.35375
560000     4400000     -10000    6.40034
560000     4400000     -11000    6.44684
560000     4400000     -12000    6.49341
560000     4400000     -13000    6.54065
560000     4400000     -14000    6.58807
560000     4400000     -15000    6.63554
560000     4400000     -16000    6.68307
560000     4400000     -17000    6.73074
560000     4400000     -18000    6.77843
560000     4400000     -19000    6.8317
560000     4400000     -20000    6.88759
560000     4400000     -21000    6.9437
560000     4400000     -22000    6.99979
560000     4400000     -23000    7.05604
560000     4400000     -24000    7.11233
560000     4405000     2000    3.63632
560000     4405000     1000    3.91098
560000     4405000     0    4.1859
560000     4405000     -1000    4.78428
560000     4405000     -2000    4.97591
560000     4405000     -3000    5.19056
560000     4405000     -4000    5.45173
560000     4405000     -5000    5.72903
560000     4405000     -6000    6.03859
560000     4405000     -7000    6.26039
560000     4405000     -8000    6.31048
560000     4405000     -9000    6.35391
560000     4405000     -10000    6.39996
560000     4405000     -11000    6.44675
560000     4405000     -12000    6.49375
560000     4405000     -13000    6.54107
560000     4405000     -14000    6.58831
560000     4405000     -15000    6.63588
560000     4405000     -16000    6.68357
560000     4405000     -17000    6.73131
560000     4405000     -18000    6.77816
560000     4405000     -19000    6.8305
560000     4405000     -20000    6.88681
560000     4405000     -21000    6.94376
560000     4405000     -22000    6.99971
560000     4405000     -23000    7.05601
560000     4405000     -24000    7.11233
560000     4410000     2000    3.63631
560000     4410000     1000    3.91124
560000     4410000     0    4.18665
560000     4410000     -1000    4.78568
560000     4410000     -2000    4.97718
560000     4410000     -3000    5.19128
560000     4410000     -4000    5.45199
560000     4410000     -5000    5.72904
560000     4410000     -6000    6.03813
560000     4410000     -7000    6.26099
560000     4410000     -8000    6.32003
560000     4410000     -9000    6.35567
560000     4410000     -10000    6.4
560000     4410000     -11000    6.44771
560000     4410000     -12000    6.49601
560000     4410000     -13000    6.54208
560000     4410000     -14000    6.58863
560000     4410000     -15000    6.6356
560000     4410000     -16000    6.68119
560000     4410000     -17000    6.72664
560000     4410000     -18000    6.76999
560000     4410000     -19000    6.82422
560000     4410000     -20000    6.88624
560000     4410000     -21000    6.94352
560000     4410000     -22000    6.99963
560000     4410000     -23000    7.05601
560000     4410000     -24000    7.11234
560000     4415000     2000    3.63633
560000     4415000     1000    3.9113
560000     4415000     0    4.18645
560000     4415000     -1000    4.78535
560000     4415000     -2000    4.9772
560000     4415000     -3000    5.19178
560000     4415000     -4000    5.45258
560000     4415000     -5000    5.72863
560000     4415000     -6000    6.03658
560000     4415000     -7000    6.26821
560000     4415000     -8000    6.34648
560000     4415000     -9000    6.35976
560000     4415000     -10000    6.40309
560000     4415000     -11000    6.45389
560000     4415000     -12000    6.49902
560000     4415000     -13000    6.54015
560000     4415000     -14000    6.58038
560000     4415000     -15000    6.61904
560000     4415000     -16000    6.65383
560000     4415000     -17000    6.70262
560000     4415000     -18000    6.76384
560000     4415000     -19000    6.82841
560000     4415000     -20000    6.88744
560000     4415000     -21000    6.94331
560000     4415000     -22000    6.99965
560000     4415000     -23000    7.05603
560000     4415000     -24000    7.11234
560000     4420000     2000    3.63635
560000     4420000     1000    3.91134
560000     4420000     0    4.18642
560000     4420000     -1000    4.78532
560000     4420000     -2000    4.97719
560000     4420000     -3000    5.19176
560000     4420000     -4000    5.45167
560000     4420000     -5000    5.72706
560000     4420000     -6000    6.04017
560000     4420000     -7000    6.31222
560000     4420000     -8000    6.3908
560000     4420000     -9000    6.3704
560000     4420000     -10000    6.41813
560000     4420000     -11000    6.46193
560000     4420000     -12000    6.49053
560000     4420000     -13000    6.51474
560000     4420000     -14000    6.52028
560000     4420000     -15000    6.54547
560000     4420000     -16000    6.62371
560000     4420000     -17000    6.71265
560000     4420000     -18000    6.77599
560000     4420000     -19000    6.83132
560000     4420000     -20000    6.88702
560000     4420000     -21000    6.94327
560000     4420000     -22000    6.99972
560000     4420000     -23000    7.05605
560000     4420000     -24000    7.11233
560000     4425000     2000    3.63645
560000     4425000     1000    3.91126
560000     4425000     0    4.1858
560000     4425000     -1000    4.78497
560000     4425000     -2000    4.97683
560000     4425000     -3000    5.19183
560000     4425000     -4000    5.45239
560000     4425000     -5000    5.72991
560000     4425000     -6000    6.05579
560000     4425000     -7000    6.44074
560000     4425000     -8000    6.41698
560000     4425000     -9000    6.38556
560000     4425000     -10000    6.42089
560000     4425000     -11000    6.43797
560000     4425000     -12000    6.4429
560000     4425000     -13000    6.44728
560000     4425000     -14000    6.50176
560000     4425000     -15000    6.5963
560000     4425000     -16000    6.67436
560000     4425000     -17000    6.73101
560000     4425000     -18000    6.77817
560000     4425000     -19000    6.8306
560000     4425000     -20000    6.88692
560000     4425000     -21000    6.94341
560000     4425000     -22000    6.99977
560000     4425000     -23000    7.05605
560000     4425000     -24000    7.11233
560000     4430000     2000    3.63648
560000     4430000     1000    3.91133
560000     4430000     0    4.18555
560000     4430000     -1000    4.78443
560000     4430000     -2000    4.97666
560000     4430000     -3000    5.19254
560000     4430000     -4000    5.45546
560000     4430000     -5000    5.73695
560000     4430000     -6000    6.02144
560000     4430000     -7000    6.42699
560000     4430000     -8000    6.31306
560000     4430000     -9000    6.32146
560000     4430000     -10000    6.36079
560000     4430000     -11000    6.40443
560000     4430000     -12000    6.45858
560000     4430000     -13000    6.52057
560000     4430000     -14000    6.57959
560000     4430000     -15000    6.63705
560000     4430000     -16000    6.68625
560000     4430000     -17000    6.73091
560000     4430000     -18000    6.7772
560000     4430000     -19000    6.83057
560000     4430000     -20000    6.8871
560000     4430000     -21000    6.94348
560000     4430000     -22000    6.99977
560000     4430000     -23000    7.05605
560000     4430000     -24000    7.11233
560000     4435000     2000    3.63636
560000     4435000     1000    3.91155
560000     4435000     0    4.18684
560000     4435000     -1000    4.78629
560000     4435000     -2000    4.97904
560000     4435000     -3000    5.19555
560000     4435000     -4000    5.46257
560000     4435000     -5000    5.75058
560000     4435000     -6000    5.83275
560000     4435000     -7000    5.81029
560000     4435000     -8000    5.90559
560000     4435000     -9000    6.09468
560000     4435000     -10000    6.28199
560000     4435000     -11000    6.40208
560000     4435000     -12000    6.48014
560000     4435000     -13000    6.54153
560000     4435000     -14000    6.59282
560000     4435000     -15000    6.63813
560000     4435000     -16000    6.68335
560000     4435000     -17000    6.72997
560000     4435000     -18000    6.77741
560000     4435000     -19000    6.83083
560000     4435000     -20000    6.88719
560000     4435000     -21000    6.94348
560000     4435000     -22000    6.99976
560000     4435000     -23000    7.05604
560000     4435000     -24000    7.11233
560000     4440000     2000    3.63635
560000     4440000     1000    3.91173
560000     4440000     0    4.18718
560000     4440000     -1000    4.78686
560000     4440000     -2000    4.97946
560000     4440000     -3000    5.19348
560000     4440000     -4000    5.45547
560000     4440000     -5000    5.76148
560000     4440000     -6000    6.0121
560000     4440000     -7000    6.12213
560000     4440000     -8000    6.05579
560000     4440000     -9000    6.14521
560000     4440000     -10000    6.2815
560000     4440000     -11000    6.39252
560000     4440000     -12000    6.47482
560000     4440000     -13000    6.53534
560000     4440000     -14000    6.58575
560000     4440000     -15000    6.63442
560000     4440000     -16000    6.68262
560000     4440000     -17000    6.73028
560000     4440000     -18000    6.77778
560000     4440000     -19000    6.831
560000     4440000     -20000    6.88723
560000     4440000     -21000    6.94348
560000     4440000     -22000    6.99976
560000     4440000     -23000    7.05604
560000     4440000     -24000    7.11233
560000     4445000     2000    3.63649
560000     4445000     1000    3.91206
560000     4445000     0    4.18766
560000     4445000     -1000    4.78778
560000     4445000     -2000    4.98073
560000     4445000     -3000    5.19727
560000     4445000     -4000    5.46353
560000     4445000     -5000    5.75947
560000     4445000     -6000    6.11234
560000     4445000     -7000    6.34841
560000     4445000     -8000    6.27238
560000     4445000     -9000    6.29884
560000     4445000     -10000    6.35768
560000     4445000     -11000    6.41484
560000     4445000     -12000    6.47369
560000     4445000     -13000    6.53168
560000     4445000     -14000    6.58412
560000     4445000     -15000    6.63422
560000     4445000     -16000    6.68295
560000     4445000     -17000    6.73055
560000     4445000     -18000    6.77788
560000     4445000     -19000    6.83101
560000     4445000     -20000    6.88722
560000     4445000     -21000    6.94347
560000     4445000     -22000    6.99976
560000     4445000     -23000    7.05604
560000     4445000     -24000    7.11233
560000     4450000     2000    3.63671
560000     4450000     1000    3.91091
560000     4450000     0    4.18593
560000     4450000     -1000    4.78645
560000     4450000     -2000    4.97815
560000     4450000     -3000    5.18961
560000     4450000     -4000    5.44497
560000     4450000     -5000    5.72087
560000     4450000     -6000    6.04916
560000     4450000     -7000    6.2904
560000     4450000     -8000    6.3158
560000     4450000     -9000    6.35238
560000     4450000     -10000    6.39756
560000     4450000     -11000    6.44407
560000     4450000     -12000    6.49167
560000     4450000     -13000    6.54021
560000     4450000     -14000    6.58827
560000     4450000     -15000    6.6359
560000     4450000     -16000    6.68328
560000     4450000     -17000    6.73051
560000     4450000     -18000    6.77775
560000     4450000     -19000    6.83093
560000     4450000     -20000    6.88718
560000     4450000     -21000    6.94346
560000     4450000     -22000    6.99976
560000     4450000     -23000    7.05604
560000     4450000     -24000    7.11233
560000     4455000     2000    3.6363
560000     4455000     1000    3.90082
560000     4455000     0    4.1673
560000     4455000     -1000    4.76501
560000     4455000     -2000    4.95957
560000     4455000     -3000    5.17847
560000     4455000     -4000    5.445
560000     4455000     -5000    5.72915
560000     4455000     -6000    6.04202
560000     4455000     -7000    6.2651
560000     4455000     -8000    6.30857
560000     4455000     -9000    6.35414
560000     4455000     -10000    6.40076
560000     4455000     -11000    6.4473
560000     4455000     -12000    6.49388
560000     4455000     -13000    6.54104
560000     4455000     -14000    6.58839
560000     4455000     -15000    6.63569
560000     4455000     -16000    6.68299
560000     4455000     -17000    6.7303
560000     4455000     -18000    6.77765
560000     4455000     -19000    6.83089
560000     4455000     -20000    6.88718
560000     4455000     -21000    6.94347
560000     4455000     -22000    6.99976
560000     4455000     -23000    7.05604
560000     4455000     -24000    7.11233
560000     4460000     2000    3.63625
560000     4460000     1000    3.90199
560000     4460000     0    4.17347
560000     4460000     -1000    4.77733
560000     4460000     -2000    4.9742
560000     4460000     -3000    5.19081
560000     4460000     -4000    5.45343
560000     4460000     -5000    5.73146
560000     4460000     -6000    6.04005
560000     4460000     -7000    6.2614
560000     4460000     -8000    6.30731
560000     4460000     -9000    6.35388
560000     4460000     -10000    6.40054
560000     4460000     -11000    6.44712
560000     4460000     -12000    6.49369
560000     4460000     -13000    6.54079
560000     4460000     -14000    6.58815
560000     4460000     -15000    6.63551
560000     4460000     -16000    6.68288
560000     4460000     -17000    6.73025
560000     4460000     -18000    6.77763
560000     4460000     -19000    6.83089
560000     4460000     -20000    6.88719
560000     4460000     -21000    6.94347
560000     4460000     -22000    6.99976
560000     4460000     -23000    7.05604
560000     4460000     -24000    7.11233
560000     4465000     2000    3.63656
560000     4465000     1000    3.91041
560000     4465000     0    4.18522
560000     4465000     -1000    4.7851
560000     4465000     -2000    4.97763
560000     4465000     -3000    5.19229
560000     4465000     -4000    5.45323
560000     4465000     -5000    5.72988
560000     4465000     -6000    6.03857
560000     4465000     -7000    6.26071
560000     4465000     -8000    6.30721
560000     4465000     -9000    6.35383
560000     4465000     -10000    6.40044
560000     4465000     -11000    6.44703
560000     4465000     -12000    6.49362
560000     4465000     -13000    6.54073
560000     4465000     -14000    6.58811
560000     4465000     -15000    6.63549
560000     4465000     -16000    6.68287
560000     4465000     -17000    6.73026
560000     4465000     -18000    6.77764
560000     4465000     -19000    6.8309
560000     4465000     -20000    6.88719
560000     4465000     -21000    6.94347
560000     4465000     -22000    6.99976
560000     4465000     -23000    7.05604
560000     4465000     -24000    7.11233
560000     4470000     2000    3.63639
560000     4470000     1000    3.91124
560000     4470000     0    4.18611
560000     4470000     -1000    4.78484
560000     4470000     -2000    4.97669
560000     4470000     -3000    5.19132
560000     4470000     -4000    5.45235
560000     4470000     -5000    5.7292
560000     4470000     -6000    6.0382
560000     4470000     -7000    6.26064
560000     4470000     -8000    6.30724
560000     4470000     -9000    6.35384
560000     4470000     -10000    6.40044
560000     4470000     -11000    6.44703
560000     4470000     -12000    6.49362
560000     4470000     -13000    6.54073
560000     4470000     -14000    6.58811
560000     4470000     -15000    6.6355
560000     4470000     -16000    6.68288
560000     4470000     -17000    6.73026
560000     4470000     -18000    6.77764
560000     4470000     -19000    6.8309
560000     4470000     -20000    6.88719
560000     4470000     -21000    6.94347
560000     4470000     -22000    6.99976
560000     4470000     -23000    7.05604
560000     4470000     -24000    7.11233
560000     4475000     2000    3.63636
560000     4475000     1000    3.91111
560000     4475000     0    4.18585
560000     4475000     -1000    4.78442
560000     4475000     -2000    4.97631
560000     4475000     -3000    5.19105
560000     4475000     -4000    5.45217
560000     4475000     -5000    5.72912
560000     4475000     -6000    6.0382
560000     4475000     -7000    6.26066
560000     4475000     -8000    6.30726
560000     4475000     -9000    6.35385
560000     4475000     -10000    6.40044
560000     4475000     -11000    6.44703
560000     4475000     -12000    6.49362
560000     4475000     -13000    6.54073
560000     4475000     -14000    6.58811
560000     4475000     -15000    6.6355
560000     4475000     -16000    6.68288
560000     4475000     -17000    6.73026
560000     4475000     -18000    6.77764
560000     4475000     -19000    6.8309
560000     4475000     -20000    6.88719
560000     4475000     -21000    6.94347
560000     4475000     -22000    6.99976
560000     4475000     -23000    7.05604
560000     4475000     -24000    7.11233
560000     4480000     2000    3.63636
560000     4480000     1000    3.91107
560000     4480000     0    4.18579
560000     4480000     -1000    4.78435
560000     4480000     -2000    4.97627
560000     4480000     -3000    5.19104
560000     4480000     -4000    5.45218
560000     4480000     -5000    5.72913
560000     4480000     -6000    6.03821
560000     4480000     -7000    6.26067
560000     4480000     -8000    6.30726
560000     4480000     -9000    6.35385
560000     4480000     -10000    6.40044
560000     4480000     -11000    6.44703
560000     4480000     -12000    6.49362
560000     4480000     -13000    6.54073
560000     4480000     -14000    6.58811
560000     4480000     -15000    6.6355
560000     4480000     -16000    6.68288
560000     4480000     -17000    6.73026
560000     4480000     -18000    6.77764
560000     4480000     -19000    6.8309
560000     4480000     -20000    6.88719
560000     4480000     -21000    6.94347
560000     4480000     -22000    6.99976
560000     4480000     -23000    7.05604
560000     4480000     -24000    7.11233
