605000     4360000     2000    3.63636
605000     4365000     2000    3.63636
605000     4370000     2000    3.63636
605000     4375000     2000    3.63636
605000     4380000     2000    3.63635
605000     4385000     2000    3.63636
605000     4390000     2000    3.63638
605000     4395000     2000    3.63636
605000     4400000     2000    3.63668
605000     4405000     2000    3.63859
605000     4410000     2000    3.63465
605000     4415000     2000    3.63854
605000     4420000     2000    3.63816
605000     4425000     2000    3.63653
605000     4430000     2000    3.63631
605000     4435000     2000    3.63634
605000     4440000     2000    3.63635
605000     4445000     2000    3.63637
605000     4450000     2000    3.63643
605000     4455000     2000    3.63637
605000     4460000     2000    3.63635
605000     4465000     2000    3.63636
605000     4470000     2000    3.63636
605000     4475000     2000    3.63636
605000     4480000     2000    3.63636
605000     4360000     1000    3.91108
605000     4365000     1000    3.91107
605000     4370000     1000    3.91107
605000     4375000     1000    3.91108
605000     4380000     1000    3.91109
605000     4385000     1000    3.91116
605000     4390000     1000    3.91117
605000     4395000     1000    3.91165
605000     4400000     1000    3.913
605000     4405000     1000    3.90306
605000     4410000     1000    3.81429
605000     4415000     1000    3.86253
605000     4420000     1000    3.91111
605000     4425000     1000    3.91366
605000     4430000     1000    3.91153
605000     4435000     1000    3.91104
605000     4440000     1000    3.91111
605000     4445000     1000    3.91132
605000     4450000     1000    3.91124
605000     4455000     1000    3.9113
605000     4460000     1000    3.91113
605000     4465000     1000    3.91107
605000     4470000     1000    3.91107
605000     4475000     1000    3.91108
605000     4480000     1000    3.91108
605000     4360000     0    4.18579
605000     4365000     0    4.18578
605000     4370000     0    4.18578
605000     4375000     0    4.18582
605000     4380000     0    4.18588
605000     4385000     0    4.18596
605000     4390000     0    4.18539
605000     4395000     0    4.18702
605000     4400000     0    4.18819
605000     4405000     0    4.13886
605000     4410000     0    3.81525
605000     4415000     0    3.96594
605000     4420000     0    4.16216
605000     4425000     0    4.1891
605000     4430000     0    4.18678
605000     4435000     0    4.18579
605000     4440000     0    4.18594
605000     4445000     0    4.18634
605000     4450000     0    4.18598
605000     4455000     0    4.18627
605000     4460000     0    4.18591
605000     4465000     0    4.18579
605000     4470000     0    4.18579
605000     4475000     0    4.18579
605000     4480000     0    4.18579
605000     4360000     -1000    4.78435
605000     4365000     -1000    4.78433
605000     4370000     -1000    4.78433
605000     4375000     -1000    4.78441
605000     4380000     -1000    4.78456
605000     4385000     -1000    4.78462
605000     4390000     -1000    4.78288
605000     4395000     -1000    4.78617
605000     4400000     -1000    4.7879
605000     4405000     -1000    4.69177
605000     4410000     -1000    4.12061
605000     4415000     -1000    4.28366
605000     4420000     -1000    4.68333
605000     4425000     -1000    4.78093
605000     4430000     -1000    4.78493
605000     4435000     -1000    4.7843
605000     4440000     -1000    4.78476
605000     4445000     -1000    4.78534
605000     4450000     -1000    4.78482
605000     4455000     -1000    4.7852
605000     4460000     -1000    4.78456
605000     4465000     -1000    4.78435
605000     4470000     -1000    4.78434
605000     4475000     -1000    4.78435
605000     4480000     -1000    4.78436
605000     4360000     -2000    4.97628
605000     4365000     -2000    4.97625
605000     4370000     -2000    4.97624
605000     4375000     -2000    4.97633
605000     4380000     -2000    4.97658
605000     4385000     -2000    4.97665
605000     4390000     -2000    4.97399
605000     4395000     -2000    4.97687
605000     4400000     -2000    4.97702
605000     4405000     -2000    4.86085
605000     4410000     -2000    4.24071
605000     4415000     -2000    4.3536
605000     4420000     -2000    4.96373
605000     4425000     -2000    4.98955
605000     4430000     -2000    4.97741
605000     4435000     -2000    4.97608
605000     4440000     -2000    4.97708
605000     4445000     -2000    4.97745
605000     4450000     -2000    4.97702
605000     4455000     -2000    4.97733
605000     4460000     -2000    4.97652
605000     4465000     -2000    4.97627
605000     4470000     -2000    4.97627
605000     4475000     -2000    4.97628
605000     4480000     -2000    4.97628
605000     4360000     -3000    5.19104
605000     4365000     -3000    5.19102
605000     4370000     -3000    5.19099
605000     4375000     -3000    5.1911
605000     4380000     -3000    5.1915
605000     4385000     -3000    5.1917
605000     4390000     -3000    5.18782
605000     4395000     -3000    5.18561
605000     4400000     -3000    5.1836
605000     4405000     -3000    5.08413
605000     4410000     -3000    4.53669
605000     4415000     -3000    4.59013
605000     4420000     -3000    5.24183
605000     4425000     -3000    5.21313
605000     4430000     -3000    5.19295
605000     4435000     -3000    5.19138
605000     4440000     -3000    5.1927
605000     4445000     -3000    5.19141
605000     4450000     -3000    5.19156
605000     4455000     -3000    5.19225
605000     4460000     -3000    5.19133
605000     4465000     -3000    5.19104
605000     4470000     -3000    5.19103
605000     4475000     -3000    5.19104
605000     4480000     -3000    5.19104
605000     4360000     -4000    5.45218
605000     4365000     -4000    5.45215
605000     4370000     -4000    5.45211
605000     4375000     -4000    5.45228
605000     4380000     -4000    5.45301
605000     4385000     -4000    5.45358
605000     4390000     -4000    5.44724
605000     4395000     -4000    5.43706
605000     4400000     -4000    5.45981
605000     4405000     -4000    5.38117
605000     4410000     -4000    4.97837
605000     4415000     -4000    4.90147
605000     4420000     -4000    5.4049
605000     4425000     -4000    5.45865
605000     4430000     -4000    5.4541
605000     4435000     -4000    5.45449
605000     4440000     -4000    5.45478
605000     4445000     -4000    5.44746
605000     4450000     -4000    5.45148
605000     4455000     -4000    5.45354
605000     4460000     -4000    5.45253
605000     4465000     -4000    5.45218
605000     4470000     -4000    5.45217
605000     4475000     -4000    5.45218
605000     4480000     -4000    5.45218
605000     4360000     -5000    5.72914
605000     4365000     -5000    5.7291
605000     4370000     -5000    5.72908
605000     4375000     -5000    5.72947
605000     4380000     -5000    5.7309
605000     4385000     -5000    5.73075
605000     4390000     -5000    5.71039
605000     4395000     -5000    5.67687
605000     4400000     -5000    5.7624
605000     4405000     -5000    5.78054
605000     4410000     -5000    5.75127
605000     4415000     -5000    5.4705
605000     4420000     -5000    5.74842
605000     4425000     -5000    5.74716
605000     4430000     -5000    5.73611
605000     4435000     -5000    5.73427
605000     4440000     -5000    5.72271
605000     4445000     -5000    5.70336
605000     4450000     -5000    5.72662
605000     4455000     -5000    5.73095
605000     4460000     -5000    5.7296
605000     4465000     -5000    5.72915
605000     4470000     -5000    5.72913
605000     4475000     -5000    5.72914
605000     4480000     -5000    5.72914
605000     4360000     -6000    6.03821
605000     4365000     -6000    6.03818
605000     4370000     -6000    6.03824
605000     4375000     -6000    6.03903
605000     4380000     -6000    6.04073
605000     4385000     -6000    6.0319
605000     4390000     -6000    5.96158
605000     4395000     -6000    5.92234
605000     4400000     -6000    6.03589
605000     4405000     -6000    6.19817
605000     4410000     -6000    6.17506
605000     4415000     -6000    6.30791
605000     4420000     -6000    6.3069
605000     4425000     -6000    6.1103
605000     4430000     -6000    6.06664
605000     4435000     -6000    6.03196
605000     4440000     -6000    5.95232
605000     4445000     -6000    5.93568
605000     4450000     -6000    6.02688
605000     4455000     -6000    6.03994
605000     4460000     -6000    6.03878
605000     4465000     -6000    6.03824
605000     4470000     -6000    6.0382
605000     4475000     -6000    6.03822
605000     4480000     -6000    6.03822
605000     4360000     -7000    6.26067
605000     4365000     -7000    6.26065
605000     4370000     -7000    6.26077
605000     4375000     -7000    6.2617
605000     4380000     -7000    6.2617
605000     4385000     -7000    6.23524
605000     4390000     -7000    6.128
605000     4395000     -7000    6.14873
605000     4400000     -7000    6.3196
605000     4405000     -7000    6.42693
605000     4410000     -7000    6.3778
605000     4415000     -7000    6.74352
605000     4420000     -7000    6.53906
605000     4425000     -7000    6.32245
605000     4430000     -7000    6.32332
605000     4435000     -7000    6.22651
605000     4440000     -7000    6.09694
605000     4445000     -7000    6.13474
605000     4450000     -7000    6.24584
605000     4455000     -7000    6.26167
605000     4460000     -7000    6.26111
605000     4465000     -7000    6.2607
605000     4470000     -7000    6.26067
605000     4475000     -7000    6.26067
605000     4480000     -7000    6.26067
605000     4360000     -8000    6.30726
605000     4365000     -8000    6.30724
605000     4370000     -8000    6.30728
605000     4375000     -8000    6.30794
605000     4380000     -8000    6.30921
605000     4385000     -8000    6.2965
605000     4390000     -8000    6.21934
605000     4395000     -8000    6.19869
605000     4400000     -8000    6.27729
605000     4405000     -8000    6.26083
605000     4410000     -8000    6.23393
605000     4415000     -8000    6.31173
605000     4420000     -8000    6.19062
605000     4425000     -8000    6.26732
605000     4430000     -8000    6.33543
605000     4435000     -8000    6.31717
605000     4440000     -8000    6.51943
605000     4445000     -8000    6.30614
605000     4450000     -8000    6.30577
605000     4455000     -8000    6.30796
605000     4460000     -8000    6.30743
605000     4465000     -8000    6.30726
605000     4470000     -8000    6.30726
605000     4475000     -8000    6.30726
605000     4480000     -8000    6.30726
605000     4360000     -9000    6.35385
605000     4365000     -9000    6.35384
605000     4370000     -9000    6.35382
605000     4375000     -9000    6.35402
605000     4380000     -9000    6.35511
605000     4385000     -9000    6.35322
605000     4390000     -9000    6.32293
605000     4395000     -9000    6.29019
605000     4400000     -9000    6.34349
605000     4405000     -9000    6.33353
605000     4410000     -9000    6.33393
605000     4415000     -9000    6.31277
605000     4420000     -9000    6.21612
605000     4425000     -9000    6.36126
605000     4430000     -9000    6.55111
605000     4435000     -9000    6.42225
605000     4440000     -9000    6.39779
605000     4445000     -9000    6.31694
605000     4450000     -9000    6.34844
605000     4455000     -9000    6.35398
605000     4460000     -9000    6.35394
605000     4465000     -9000    6.35385
605000     4470000     -9000    6.35385
605000     4475000     -9000    6.35385
605000     4480000     -9000    6.35385
605000     4360000     -10000    6.40044
605000     4365000     -10000    6.40044
605000     4370000     -10000    6.40042
605000     4375000     -10000    6.40043
605000     4380000     -10000    6.40083
605000     4385000     -10000    6.40083
605000     4390000     -10000    6.3886
605000     4395000     -10000    6.35893
605000     4400000     -10000    6.39519
605000     4405000     -10000    6.3914
605000     4410000     -10000    6.38382
605000     4415000     -10000    6.37575
605000     4420000     -10000    6.30516
605000     4425000     -10000    6.39888
605000     4430000     -10000    6.62211
605000     4435000     -10000    6.56385
605000     4440000     -10000    6.3652
605000     4445000     -10000    6.34183
605000     4450000     -10000    6.39421
605000     4455000     -10000    6.40095
605000     4460000     -10000    6.40061
605000     4465000     -10000    6.40044
605000     4470000     -10000    6.40044
605000     4475000     -10000    6.40044
605000     4480000     -10000    6.40044
605000     4360000     -11000    6.44703
605000     4365000     -11000    6.44703
605000     4370000     -11000    6.44702
605000     4375000     -11000    6.44701
605000     4380000     -11000    6.44718
605000     4385000     -11000    6.44765
605000     4390000     -11000    6.44406
605000     4395000     -11000    6.42615
605000     4400000     -11000    6.44743
605000     4405000     -11000    6.44873
605000     4410000     -11000    6.44483
605000     4415000     -11000    6.44238
605000     4420000     -11000    6.40197
605000     4425000     -11000    6.42526
605000     4430000     -11000    6.55128
605000     4435000     -11000    6.50939
605000     4440000     -11000    6.33789
605000     4445000     -11000    6.37411
605000     4450000     -11000    6.44005
605000     4455000     -11000    6.44781
605000     4460000     -11000    6.44727
605000     4465000     -11000    6.44704
605000     4470000     -11000    6.44703
605000     4475000     -11000    6.44703
605000     4480000     -11000    6.44703
605000     4360000     -12000    6.49362
605000     4365000     -12000    6.49362
605000     4370000     -12000    6.49362
605000     4375000     -12000    6.49361
605000     4380000     -12000    6.4937
605000     4385000     -12000    6.4942
605000     4390000     -12000    6.49369
605000     4395000     -12000    6.48433
605000     4400000     -12000    6.49423
605000     4405000     -12000    6.49567
605000     4410000     -12000    6.49407
605000     4415000     -12000    6.49546
605000     4420000     -12000    6.47618
605000     4425000     -12000    6.46472
605000     4430000     -12000    6.51853
605000     4435000     -12000    6.45197
605000     4440000     -12000    6.41289
605000     4445000     -12000    6.42662
605000     4450000     -12000    6.48628
605000     4455000     -12000    6.49414
605000     4460000     -12000    6.49382
605000     4465000     -12000    6.49362
605000     4470000     -12000    6.49362
605000     4475000     -12000    6.49362
605000     4480000     -12000    6.49362
605000     4360000     -13000    6.54073
605000     4365000     -13000    6.54073
605000     4370000     -13000    6.54073
605000     4375000     -13000    6.54072
605000     4380000     -13000    6.54076
605000     4385000     -13000    6.54111
605000     4390000     -13000    6.54151
605000     4395000     -13000    6.53799
605000     4400000     -13000    6.54147
605000     4405000     -13000    6.54184
605000     4410000     -13000    6.54014
605000     4415000     -13000    6.53924
605000     4420000     -13000    6.52444
605000     4425000     -13000    6.48462
605000     4430000     -13000    6.47698
605000     4435000     -13000    6.51551
605000     4440000     -13000    6.7067
605000     4445000     -13000    6.55423
605000     4450000     -13000    6.54183
605000     4455000     -13000    6.54135
605000     4460000     -13000    6.54085
605000     4465000     -13000    6.54073
605000     4470000     -13000    6.54073
605000     4475000     -13000    6.54073
605000     4480000     -13000    6.54073
605000     4360000     -14000    6.58811
605000     4365000     -14000    6.58811
605000     4370000     -14000    6.58811
605000     4375000     -14000    6.58811
605000     4380000     -14000    6.58811
605000     4385000     -14000    6.5883
605000     4390000     -14000    6.58883
605000     4395000     -14000    6.58827
605000     4400000     -14000    6.58912
605000     4405000     -14000    6.58903
605000     4410000     -14000    6.58723
605000     4415000     -14000    6.58377
605000     4420000     -14000    6.572
605000     4425000     -14000    6.53712
605000     4430000     -14000    6.51032
605000     4435000     -14000    6.59793
605000     4440000     -14000    6.67148
605000     4445000     -14000    6.56643
605000     4450000     -14000    6.58451
605000     4455000     -14000    6.58835
605000     4460000     -14000    6.58823
605000     4465000     -14000    6.58812
605000     4470000     -14000    6.58811
605000     4475000     -14000    6.58811
605000     4480000     -14000    6.58811
605000     4360000     -15000    6.6355
605000     4365000     -15000    6.6355
605000     4370000     -15000    6.6355
605000     4375000     -15000    6.63549
605000     4380000     -15000    6.63548
605000     4385000     -15000    6.63555
605000     4390000     -15000    6.63587
605000     4395000     -15000    6.636
605000     4400000     -15000    6.63618
605000     4405000     -15000    6.63618
605000     4410000     -15000    6.63564
605000     4415000     -15000    6.63451
605000     4420000     -15000    6.62763
605000     4425000     -15000    6.59475
605000     4430000     -15000    6.56193
605000     4435000     -15000    6.62105
605000     4440000     -15000    6.62324
605000     4445000     -15000    6.60641
605000     4450000     -15000    6.63225
605000     4455000     -15000    6.63576
605000     4460000     -15000    6.63559
605000     4465000     -15000    6.6355
605000     4470000     -15000    6.63549
605000     4475000     -15000    6.6355
605000     4480000     -15000    6.6355
605000     4360000     -16000    6.68288
605000     4365000     -16000    6.68288
605000     4370000     -16000    6.68288
605000     4375000     -16000    6.68288
605000     4380000     -16000    6.68287
605000     4385000     -16000    6.68288
605000     4390000     -16000    6.68302
605000     4395000     -16000    6.68322
605000     4400000     -16000    6.68325
605000     4405000     -16000    6.68322
605000     4410000     -16000    6.68322
605000     4415000     -16000    6.68319
605000     4420000     -16000    6.68168
605000     4425000     -16000    6.67175
605000     4430000     -16000    6.66878
605000     4435000     -16000    6.67313
605000     4440000     -16000    6.65136
605000     4445000     -16000    6.67072
605000     4450000     -16000    6.68225
605000     4455000     -16000    6.68312
605000     4460000     -16000    6.68292
605000     4465000     -16000    6.68288
605000     4470000     -16000    6.68288
605000     4475000     -16000    6.68288
605000     4480000     -16000    6.68288
605000     4360000     -17000    6.73026
605000     4365000     -17000    6.73026
605000     4370000     -17000    6.73026
605000     4375000     -17000    6.73026
605000     4380000     -17000    6.73025
605000     4385000     -17000    6.73025
605000     4390000     -17000    6.73029
605000     4395000     -17000    6.73039
605000     4400000     -17000    6.73042
605000     4405000     -17000    6.73035
605000     4410000     -17000    6.73035
605000     4415000     -17000    6.73046
605000     4420000     -17000    6.73067
605000     4425000     -17000    6.73001
605000     4430000     -17000    6.73
605000     4435000     -17000    6.72983
605000     4440000     -17000    6.72677
605000     4445000     -17000    6.72963
605000     4450000     -17000    6.73057
605000     4455000     -17000    6.73035
605000     4460000     -17000    6.73026
605000     4465000     -17000    6.73026
605000     4470000     -17000    6.73026
605000     4475000     -17000    6.73026
605000     4480000     -17000    6.73026
605000     4360000     -18000    6.77764
605000     4365000     -18000    6.77764
605000     4370000     -18000    6.77764
605000     4375000     -18000    6.77764
605000     4380000     -18000    6.77764
605000     4385000     -18000    6.77763
605000     4390000     -18000    6.77763
605000     4395000     -18000    6.77767
605000     4400000     -18000    6.77769
605000     4405000     -18000    6.77765
605000     4410000     -18000    6.77763
605000     4415000     -18000    6.77765
605000     4420000     -18000    6.77779
605000     4425000     -18000    6.77791
605000     4430000     -18000    6.77785
605000     4435000     -18000    6.77784
605000     4440000     -18000    6.77771
605000     4445000     -18000    6.77786
605000     4450000     -18000    6.77774
605000     4455000     -18000    6.77765
605000     4460000     -18000    6.77764
605000     4465000     -18000    6.77764
605000     4470000     -18000    6.77764
605000     4475000     -18000    6.77764
605000     4480000     -18000    6.77764
605000     4360000     -19000    6.8309
605000     4365000     -19000    6.8309
605000     4370000     -19000    6.8309
605000     4375000     -19000    6.8309
605000     4380000     -19000    6.8309
605000     4385000     -19000    6.83089
605000     4390000     -19000    6.83089
605000     4395000     -19000    6.83089
605000     4400000     -19000    6.8309
605000     4405000     -19000    6.83089
605000     4410000     -19000    6.83088
605000     4415000     -19000    6.83088
605000     4420000     -19000    6.83091
605000     4425000     -19000    6.83098
605000     4430000     -19000    6.83093
605000     4435000     -19000    6.83092
605000     4440000     -19000    6.83095
605000     4445000     -19000    6.83094
605000     4450000     -19000    6.8309
605000     4455000     -19000    6.83089
605000     4460000     -19000    6.8309
605000     4465000     -19000    6.8309
605000     4470000     -19000    6.8309
605000     4475000     -19000    6.8309
605000     4480000     -19000    6.8309
605000     4360000     -20000    6.88719
605000     4365000     -20000    6.88719
605000     4370000     -20000    6.88719
605000     4375000     -20000    6.88719
605000     4380000     -20000    6.88719
605000     4385000     -20000    6.88719
605000     4390000     -20000    6.88718
605000     4395000     -20000    6.88718
605000     4400000     -20000    6.88718
605000     4405000     -20000    6.88718
605000     4410000     -20000    6.88718
605000     4415000     -20000    6.88717
605000     4420000     -20000    6.88718
605000     4425000     -20000    6.88719
605000     4430000     -20000    6.88718
605000     4435000     -20000    6.88717
605000     4440000     -20000    6.88719
605000     4445000     -20000    6.88718
605000     4450000     -20000    6.88718
605000     4455000     -20000    6.88718
605000     4460000     -20000    6.88719
605000     4465000     -20000    6.88719
605000     4470000     -20000    6.88719
605000     4475000     -20000    6.88719
605000     4480000     -20000    6.88719
605000     4360000     -21000    6.94347
605000     4365000     -21000    6.94347
605000     4370000     -21000    6.94347
605000     4375000     -21000    6.94347
605000     4380000     -21000    6.94347
605000     4385000     -21000    6.94347
605000     4390000     -21000    6.94347
605000     4395000     -21000    6.94347
605000     4400000     -21000    6.94347
605000     4405000     -21000    6.94347
605000     4410000     -21000    6.94347
605000     4415000     -21000    6.94347
605000     4420000     -21000    6.94346
605000     4425000     -21000    6.94347
605000     4430000     -21000    6.94346
605000     4435000     -21000    6.94346
605000     4440000     -21000    6.94347
605000     4445000     -21000    6.94347
605000     4450000     -21000    6.94347
605000     4455000     -21000    6.94347
605000     4460000     -21000    6.94347
605000     4465000     -21000    6.94347
605000     4470000     -21000    6.94347
605000     4475000     -21000    6.94347
605000     4480000     -21000    6.94347
605000     4360000     -22000    6.99976
605000     4365000     -22000    6.99976
605000     4370000     -22000    6.99976
605000     4375000     -22000    6.99976
605000     4380000     -22000    6.99976
605000     4385000     -22000    6.99976
605000     4390000     -22000    6.99976
605000     4395000     -22000    6.99976
605000     4400000     -22000    6.99976
605000     4405000     -22000    6.99976
605000     4410000     -22000    6.99976
605000     4415000     -22000    6.99976
605000     4420000     -22000    6.99976
605000     4425000     -22000    6.99976
605000     4430000     -22000    6.99976
605000     4435000     -22000    6.99976
605000     4440000     -22000    6.99976
605000     4445000     -22000    6.99976
605000     4450000     -22000    6.99976
605000     4455000     -22000    6.99976
605000     4460000     -22000    6.99976
605000     4465000     -22000    6.99976
605000     4470000     -22000    6.99976
605000     4475000     -22000    6.99976
605000     4480000     -22000    6.99976
605000     4360000     -23000    7.05604
605000     4365000     -23000    7.05604
605000     4370000     -23000    7.05604
605000     4375000     -23000    7.05604
605000     4380000     -23000    7.05604
605000     4385000     -23000    7.05604
605000     4390000     -23000    7.05604
605000     4395000     -23000    7.05604
605000     4400000     -23000    7.05604
605000     4405000     -23000    7.05604
605000     4410000     -23000    7.05604
605000     4415000     -23000    7.05604
605000     4420000     -23000    7.05604
605000     4425000     -23000    7.05604
605000     4430000     -23000    7.05604
605000     4435000     -23000    7.05604
605000     4440000     -23000    7.05604
605000     4445000     -23000    7.05604
605000     4450000     -23000    7.05604
605000     4455000     -23000    7.05604
605000     4460000     -23000    7.05604
605000     4465000     -23000    7.05604
605000     4470000     -23000    7.05604
605000     4475000     -23000    7.05604
605000     4480000     -23000    7.05604
605000     4360000     -24000    7.11233
605000     4365000     -24000    7.11233
605000     4370000     -24000    7.11233
605000     4375000     -24000    7.11233
605000     4380000     -24000    7.11233
605000     4385000     -24000    7.11233
605000     4390000     -24000    7.11233
605000     4395000     -24000    7.11233
605000     4400000     -24000    7.11233
605000     4405000     -24000    7.11233
605000     4410000     -24000    7.11233
605000     4415000     -24000    7.11233
605000     4420000     -24000    7.11233
605000     4425000     -24000    7.11233
605000     4430000     -24000    7.11233
605000     4435000     -24000    7.11233
605000     4440000     -24000    7.11233
605000     4445000     -24000    7.11233
605000     4450000     -24000    7.11233
605000     4455000     -24000    7.11233
605000     4460000     -24000    7.11233
605000     4465000     -24000    7.11233
605000     4470000     -24000    7.11233
605000     4475000     -24000    7.11233
605000     4480000     -24000    7.11233
