575000     4360000     2000    3.63636
575000     4365000     2000    3.63638
575000     4370000     2000    3.63676
575000     4375000     2000    3.63742
575000     4380000     2000    3.63715
575000     4385000     2000    3.63652
575000     4390000     2000    3.63634
575000     4395000     2000    3.63632
575000     4400000     2000    3.63647
575000     4405000     2000    3.63822
575000     4410000     2000    3.63635
575000     4415000     2000    3.63921
575000     4420000     2000    3.63869
575000     4425000     2000    3.63692
575000     4430000     2000    3.63664
575000     4435000     2000    3.63685
575000     4440000     2000    3.63797
575000     4445000     2000    3.63108
575000     4450000     2000    3.62645
575000     4455000     2000    3.63794
575000     4460000     2000    3.63679
575000     4465000     2000    3.63639
575000     4470000     2000    3.63635
575000     4475000     2000    3.63636
575000     4480000     2000    3.63636
575000     4360000     1000    3.9111
575000     4365000     1000    3.91171
575000     4370000     1000    3.91199
575000     4375000     1000    3.90469
575000     4380000     1000    3.90998
575000     4385000     1000    3.91222
575000     4390000     1000    3.91139
575000     4395000     1000    3.91131
575000     4400000     1000    3.91305
575000     4405000     1000    3.91115
575000     4410000     1000    3.83913
575000     4415000     1000    3.86612
575000     4420000     1000    3.90754
575000     4425000     1000    3.91152
575000     4430000     1000    3.9054
575000     4435000     1000    3.91189
575000     4440000     1000    3.90028
575000     4445000     1000    3.80661
575000     4450000     1000    3.78391
575000     4455000     1000    3.89535
575000     4460000     1000    3.91145
575000     4465000     1000    3.91157
575000     4470000     1000    3.91115
575000     4475000     1000    3.91107
575000     4480000     1000    3.91107
575000     4360000     0    4.18591
575000     4365000     0    4.18705
575000     4370000     0    4.18583
575000     4375000     0    4.16141
575000     4380000     0    4.17495
575000     4385000     0    4.18752
575000     4390000     0    4.1867
575000     4395000     0    4.18666
575000     4400000     0    4.19057
575000     4405000     0    4.17154
575000     4410000     0    3.84191
575000     4415000     0    3.92359
575000     4420000     0    4.15132
575000     4425000     0    4.19028
575000     4430000     0    4.14831
575000     4435000     0    4.18233
575000     4440000     0    4.15377
575000     4445000     0    3.92716
575000     4450000     0    3.96628
575000     4455000     0    4.15904
575000     4460000     0    4.18656
575000     4465000     0    4.18667
575000     4470000     0    4.18592
575000     4475000     0    4.18579
575000     4480000     0    4.18579
575000     4360000     -1000    4.78447
575000     4365000     -1000    4.78625
575000     4370000     -1000    4.78629
575000     4375000     -1000    4.75779
575000     4380000     -1000    4.76164
575000     4385000     -1000    4.78743
575000     4390000     -1000    4.78634
575000     4395000     -1000    4.78565
575000     4400000     -1000    4.79136
575000     4405000     -1000    4.77108
575000     4410000     -1000    4.38206
575000     4415000     -1000    4.3315
575000     4420000     -1000    4.75957
575000     4425000     -1000    4.88001
575000     4430000     -1000    4.75692
575000     4435000     -1000    4.78453
575000     4440000     -1000    4.71299
575000     4445000     -1000    4.31522
575000     4450000     -1000    4.55918
575000     4455000     -1000    4.76244
575000     4460000     -1000    4.78661
575000     4465000     -1000    4.78552
575000     4470000     -1000    4.7845
575000     4475000     -1000    4.78434
575000     4480000     -1000    4.78435
575000     4360000     -2000    4.9763
575000     4365000     -2000    4.97794
575000     4370000     -2000    4.97983
575000     4375000     -2000    4.96053
575000     4380000     -2000    4.94121
575000     4385000     -2000    4.97951
575000     4390000     -2000    4.97955
575000     4395000     -2000    4.9775
575000     4400000     -2000    4.98219
575000     4405000     -2000    4.97694
575000     4410000     -2000    4.76715
575000     4415000     -2000    4.48855
575000     4420000     -2000    4.98601
575000     4425000     -2000    5.01629
575000     4430000     -2000    4.87915
575000     4435000     -2000    4.96931
575000     4440000     -2000    4.83228
575000     4445000     -2000    4.40254
575000     4450000     -2000    4.84607
575000     4455000     -2000    4.96956
575000     4460000     -2000    4.97889
575000     4465000     -2000    4.97726
575000     4470000     -2000    4.97639
575000     4475000     -2000    4.97627
575000     4480000     -2000    4.97627
575000     4360000     -3000    5.19098
575000     4365000     -3000    5.19224
575000     4370000     -3000    5.19554
575000     4375000     -3000    5.18679
575000     4380000     -3000    5.14414
575000     4385000     -3000    5.18975
575000     4390000     -3000    5.196
575000     4395000     -3000    5.19289
575000     4400000     -3000    5.19673
575000     4405000     -3000    5.21236
575000     4410000     -3000    5.17998
575000     4415000     -3000    4.76963
575000     4420000     -3000    5.28752
575000     4425000     -3000    4.90901
575000     4430000     -3000    4.97842
575000     4435000     -3000    5.1229
575000     4440000     -3000    4.92612
575000     4445000     -3000    4.66552
575000     4450000     -3000    5.1447
575000     4455000     -3000    5.19229
575000     4460000     -3000    5.193
575000     4465000     -3000    5.19183
575000     4470000     -3000    5.19115
575000     4475000     -3000    5.19104
575000     4480000     -3000    5.19104
575000     4360000     -4000    5.45208
575000     4365000     -4000    5.45292
575000     4370000     -4000    5.45648
575000     4375000     -4000    5.45441
575000     4380000     -4000    5.40255
575000     4385000     -4000    5.42935
575000     4390000     -4000    5.45522
575000     4395000     -4000    5.45572
575000     4400000     -4000    5.45891
575000     4405000     -4000    5.49013
575000     4410000     -4000    5.56447
575000     4415000     -4000    5.26665
575000     4420000     -4000    5.81502
575000     4425000     -4000    5.06604
575000     4430000     -4000    5.30507
575000     4435000     -4000    5.24962
575000     4440000     -4000    5.06504
575000     4445000     -4000    5.07666
575000     4450000     -4000    5.45353
575000     4455000     -4000    5.45282
575000     4460000     -4000    5.45347
575000     4465000     -4000    5.45294
575000     4470000     -4000    5.4523
575000     4475000     -4000    5.45218
575000     4480000     -4000    5.45218
575000     4360000     -5000    5.72905
575000     4365000     -5000    5.72952
575000     4370000     -5000    5.7325
575000     4375000     -5000    5.73417
575000     4380000     -5000    5.69006
575000     4385000     -5000    5.65887
575000     4390000     -5000    5.70651
575000     4395000     -5000    5.72696
575000     4400000     -5000    5.7373
575000     4405000     -5000    5.75881
575000     4410000     -5000    5.8466
575000     4415000     -5000    5.76348
575000     4420000     -5000    6.45909
575000     4425000     -5000    5.68815
575000     4430000     -5000    5.90752
575000     4435000     -5000    5.57988
575000     4440000     -5000    5.44138
575000     4445000     -5000    5.508
575000     4450000     -5000    5.74405
575000     4455000     -5000    5.71844
575000     4460000     -5000    5.72933
575000     4465000     -5000    5.72999
575000     4470000     -5000    5.72928
575000     4475000     -5000    5.72913
575000     4480000     -5000    5.72913
575000     4360000     -6000    6.03815
575000     4365000     -6000    6.03835
575000     4370000     -6000    6.0405
575000     4375000     -6000    6.04439
575000     4380000     -6000    6.01669
575000     4385000     -6000    5.92846
575000     4390000     -6000    5.91806
575000     4395000     -6000    5.98207
575000     4400000     -6000    6.0656
575000     4405000     -6000    6.02159
575000     4410000     -6000    6.03398
575000     4415000     -6000    5.9948
575000     4420000     -6000    6.16227
575000     4425000     -6000    5.96384
575000     4430000     -6000    6.36798
575000     4435000     -6000    6.59724
575000     4440000     -6000    6.0251
575000     4445000     -6000    5.91556
575000     4450000     -6000    6.06994
575000     4455000     -6000    5.9941
575000     4460000     -6000    6.03379
575000     4465000     -6000    6.03893
575000     4470000     -6000    6.03841
575000     4475000     -6000    6.03822
575000     4480000     -6000    6.03821
575000     4360000     -7000    6.26063
575000     4365000     -7000    6.26067
575000     4370000     -7000    6.26187
575000     4375000     -7000    6.26564
575000     4380000     -7000    6.25496
575000     4385000     -7000    6.18656
575000     4390000     -7000    6.08658
575000     4395000     -7000    6.09421
575000     4400000     -7000    6.37806
575000     4405000     -7000    6.074
575000     4410000     -7000    6.02669
575000     4415000     -7000    6.17968
575000     4420000     -7000    6.35628
575000     4425000     -7000    5.70701
575000     4430000     -7000    5.88881
575000     4435000     -7000    6.55955
575000     4440000     -7000    6.10741
575000     4445000     -7000    6.15421
575000     4450000     -7000    6.30521
575000     4455000     -7000    6.17987
575000     4460000     -7000    6.25017
575000     4465000     -7000    6.26097
575000     4470000     -7000    6.26089
575000     4475000     -7000    6.26069
575000     4480000     -7000    6.26067
575000     4360000     -8000    6.30725
575000     4365000     -8000    6.30723
575000     4370000     -8000    6.30772
575000     4375000     -8000    6.30989
575000     4380000     -8000    6.30635
575000     4385000     -8000    6.27083
575000     4390000     -8000    6.22772
575000     4395000     -8000    6.20421
575000     4400000     -8000    6.22545
575000     4405000     -8000    6.12085
575000     4410000     -8000    6.10393
575000     4415000     -8000    6.1683
575000     4420000     -8000    6.14015
575000     4425000     -8000    5.87522
575000     4430000     -8000    6.06074
575000     4435000     -8000    6.28933
575000     4440000     -8000    6.11519
575000     4445000     -8000    6.40215
575000     4450000     -8000    6.33726
575000     4455000     -8000    6.2409
575000     4460000     -8000    6.29886
575000     4465000     -8000    6.3076
575000     4470000     -8000    6.30746
575000     4475000     -8000    6.30728
575000     4480000     -8000    6.30726
575000     4360000     -9000    6.35385
575000     4365000     -9000    6.35383
575000     4370000     -9000    6.35403
575000     4375000     -9000    6.35504
575000     4380000     -9000    6.35263
575000     4385000     -9000    6.32647
575000     4390000     -9000    6.30753
575000     4395000     -9000    6.2796
575000     4400000     -9000    6.25157
575000     4405000     -9000    6.24148
575000     4410000     -9000    6.24271
575000     4415000     -9000    6.27348
575000     4420000     -9000    6.22615
575000     4425000     -9000    5.94855
575000     4430000     -9000    6.13162
575000     4435000     -9000    6.21971
575000     4440000     -9000    6.22283
575000     4445000     -9000    6.52982
575000     4450000     -9000    6.3418
575000     4455000     -9000    6.32444
575000     4460000     -9000    6.35154
575000     4465000     -9000    6.35444
575000     4470000     -9000    6.35399
575000     4475000     -9000    6.35386
575000     4480000     -9000    6.35385
575000     4360000     -10000    6.40044
575000     4365000     -10000    6.40043
575000     4370000     -10000    6.40054
575000     4375000     -10000    6.40113
575000     4380000     -10000    6.39953
575000     4385000     -10000    6.37659
575000     4390000     -10000    6.35556
575000     4395000     -10000    6.35796
575000     4400000     -10000    6.35826
575000     4405000     -10000    6.37907
575000     4410000     -10000    6.36206
575000     4415000     -10000    6.34462
575000     4420000     -10000    6.30935
575000     4425000     -10000    6.00702
575000     4430000     -10000    6.16054
575000     4435000     -10000    6.54803
575000     4440000     -10000    6.21408
575000     4445000     -10000    6.36881
575000     4450000     -10000    6.3505
575000     4455000     -10000    6.38772
575000     4460000     -10000    6.40071
575000     4465000     -10000    6.40091
575000     4470000     -10000    6.4005
575000     4475000     -10000    6.40044
575000     4480000     -10000    6.40044
575000     4360000     -11000    6.44703
575000     4365000     -11000    6.44703
575000     4370000     -11000    6.44709
575000     4375000     -11000    6.44746
575000     4380000     -11000    6.44638
575000     4385000     -11000    6.42813
575000     4390000     -11000    6.40027
575000     4395000     -11000    6.40645
575000     4400000     -11000    6.46948
575000     4405000     -11000    6.46491
575000     4410000     -11000    6.38141
575000     4415000     -11000    6.31619
575000     4420000     -11000    6.29806
575000     4425000     -11000    6.16773
575000     4430000     -11000    6.21683
575000     4435000     -11000    6.37997
575000     4440000     -11000    6.22483
575000     4445000     -11000    6.39252
575000     4450000     -11000    6.40627
575000     4455000     -11000    6.44243
575000     4460000     -11000    6.44782
575000     4465000     -11000    6.44728
575000     4470000     -11000    6.44704
575000     4475000     -11000    6.44702
575000     4480000     -11000    6.44703
575000     4360000     -12000    6.49362
575000     4365000     -12000    6.49362
575000     4370000     -12000    6.49365
575000     4375000     -12000    6.49386
575000     4380000     -12000    6.49308
575000     4385000     -12000    6.48015
575000     4390000     -12000    6.45608
575000     4395000     -12000    6.47257
575000     4400000     -12000    6.58608
575000     4405000     -12000    6.42656
575000     4410000     -12000    6.34777
575000     4415000     -12000    6.35909
575000     4420000     -12000    6.38599
575000     4425000     -12000    6.27319
575000     4430000     -12000    6.23136
575000     4435000     -12000    6.37496
575000     4440000     -12000    6.34136
575000     4445000     -12000    6.44555
575000     4450000     -12000    6.45789
575000     4455000     -12000    6.49041
575000     4460000     -12000    6.49407
575000     4465000     -12000    6.49373
575000     4470000     -12000    6.49362
575000     4475000     -12000    6.49362
575000     4480000     -12000    6.49362
575000     4360000     -13000    6.54073
575000     4365000     -13000    6.54073
575000     4370000     -13000    6.54075
575000     4375000     -13000    6.54089
575000     4380000     -13000    6.54067
575000     4385000     -13000    6.53342
575000     4390000     -13000    6.50974
575000     4395000     -13000    6.53711
575000     4400000     -13000    6.54313
575000     4405000     -13000    6.42273
575000     4410000     -13000    6.43466
575000     4415000     -13000    6.46441
575000     4420000     -13000    6.47194
575000     4425000     -13000    6.41606
575000     4430000     -13000    6.3884
575000     4435000     -13000    6.50867
575000     4440000     -13000    6.48003
575000     4445000     -13000    6.53171
575000     4450000     -13000    6.51037
575000     4455000     -13000    6.53718
575000     4460000     -13000    6.54085
575000     4465000     -13000    6.54079
575000     4470000     -13000    6.54073
575000     4475000     -13000    6.54073
575000     4480000     -13000    6.54073
575000     4360000     -14000    6.58811
575000     4365000     -14000    6.58811
575000     4370000     -14000    6.58812
575000     4375000     -14000    6.58823
575000     4380000     -14000    6.5883
575000     4385000     -14000    6.58387
575000     4390000     -14000    6.55585
575000     4395000     -14000    6.56782
575000     4400000     -14000    6.55964
575000     4405000     -14000    6.55162
575000     4410000     -14000    6.52844
575000     4415000     -14000    6.49587
575000     4420000     -14000    6.49097
575000     4425000     -14000    6.47536
575000     4430000     -14000    6.4987
575000     4435000     -14000    6.771
575000     4440000     -14000    6.65153
575000     4445000     -14000    6.59048
575000     4450000     -14000    6.56311
575000     4455000     -14000    6.58475
575000     4460000     -14000    6.58811
575000     4465000     -14000    6.58816
575000     4470000     -14000    6.58812
575000     4475000     -14000    6.58811
575000     4480000     -14000    6.58811
575000     4360000     -15000    6.6355
575000     4365000     -15000    6.6355
575000     4370000     -15000    6.6355
575000     4375000     -15000    6.63556
575000     4380000     -15000    6.63567
575000     4385000     -15000    6.6328
575000     4390000     -15000    6.60985
575000     4395000     -15000    6.60545
575000     4400000     -15000    6.63042
575000     4405000     -15000    6.64932
575000     4410000     -15000    6.6368
575000     4415000     -15000    6.58665
575000     4420000     -15000    6.51941
575000     4425000     -15000    6.47215
575000     4430000     -15000    6.44096
575000     4435000     -15000    6.62504
575000     4440000     -15000    6.69578
575000     4445000     -15000    6.62297
575000     4450000     -15000    6.61788
575000     4455000     -15000    6.63337
575000     4460000     -15000    6.63555
575000     4465000     -15000    6.63554
575000     4470000     -15000    6.6355
575000     4475000     -15000    6.6355
575000     4480000     -15000    6.6355
575000     4360000     -16000    6.68288
575000     4365000     -16000    6.68288
575000     4370000     -16000    6.68288
575000     4375000     -16000    6.68291
575000     4380000     -16000    6.68305
575000     4385000     -16000    6.68177
575000     4390000     -16000    6.66697
575000     4395000     -16000    6.63704
575000     4400000     -16000    6.67848
575000     4405000     -16000    6.70985
575000     4410000     -16000    6.69222
575000     4415000     -16000    6.67222
575000     4420000     -16000    6.66696
575000     4425000     -16000    6.66779
575000     4430000     -16000    6.61712
575000     4435000     -16000    6.69222
575000     4440000     -16000    6.708
575000     4445000     -16000    6.65217
575000     4450000     -16000    6.67177
575000     4455000     -16000    6.68202
575000     4460000     -16000    6.683
575000     4465000     -16000    6.68291
575000     4470000     -16000    6.68288
575000     4475000     -16000    6.68288
575000     4480000     -16000    6.68288
575000     4360000     -17000    6.73026
575000     4365000     -17000    6.73026
575000     4370000     -17000    6.73026
575000     4375000     -17000    6.73027
575000     4380000     -17000    6.73042
575000     4385000     -17000    6.73023
575000     4390000     -17000    6.72211
575000     4395000     -17000    6.67964
575000     4400000     -17000    6.71323
575000     4405000     -17000    6.76732
575000     4410000     -17000    6.73423
575000     4415000     -17000    6.73214
575000     4420000     -17000    6.75744
575000     4425000     -17000    6.74732
575000     4430000     -17000    6.71297
575000     4435000     -17000    6.75803
575000     4440000     -17000    6.71602
575000     4445000     -17000    6.68496
575000     4450000     -17000    6.72268
575000     4455000     -17000    6.73012
575000     4460000     -17000    6.7304
575000     4465000     -17000    6.73028
575000     4470000     -17000    6.73026
575000     4475000     -17000    6.73026
575000     4480000     -17000    6.73026
575000     4360000     -18000    6.77764
575000     4365000     -18000    6.77764
575000     4370000     -18000    6.77764
575000     4375000     -18000    6.77765
575000     4380000     -18000    6.77774
575000     4385000     -18000    6.77792
575000     4390000     -18000    6.77366
575000     4395000     -18000    6.73869
575000     4400000     -18000    6.73296
575000     4405000     -18000    6.81649
575000     4410000     -18000    6.79768
575000     4415000     -18000    6.83665
575000     4420000     -18000    6.82126
575000     4425000     -18000    6.79209
575000     4430000     -18000    6.78583
575000     4435000     -18000    6.79503
575000     4440000     -18000    6.74568
575000     4445000     -18000    6.73668
575000     4450000     -18000    6.77239
575000     4455000     -18000    6.77774
575000     4460000     -18000    6.77775
575000     4465000     -18000    6.77765
575000     4470000     -18000    6.77764
575000     4475000     -18000    6.77764
575000     4480000     -18000    6.77764
575000     4360000     -19000    6.8309
575000     4365000     -19000    6.8309
575000     4370000     -19000    6.8309
575000     4375000     -19000    6.8309
575000     4380000     -19000    6.83096
575000     4385000     -19000    6.83131
575000     4390000     -19000    6.8299
575000     4395000     -19000    6.80646
575000     4400000     -19000    6.74534
575000     4405000     -19000    6.86615
575000     4410000     -19000    6.94579
575000     4415000     -19000    6.94346
575000     4420000     -19000    6.85819
575000     4425000     -19000    6.83101
575000     4430000     -19000    6.84332
575000     4435000     -19000    6.83622
575000     4440000     -19000    6.80785
575000     4445000     -19000    6.81013
575000     4450000     -19000    6.82891
575000     4455000     -19000    6.83115
575000     4460000     -19000    6.83098
575000     4465000     -19000    6.8309
575000     4470000     -19000    6.8309
575000     4475000     -19000    6.8309
575000     4480000     -19000    6.8309
575000     4360000     -20000    6.88719
575000     4365000     -20000    6.88719
575000     4370000     -20000    6.88719
575000     4375000     -20000    6.88718
575000     4380000     -20000    6.88722
575000     4385000     -20000    6.88751
575000     4390000     -20000    6.88711
575000     4395000     -20000    6.87034
575000     4400000     -20000    6.7861
575000     4405000     -20000    6.96826
575000     4410000     -20000    7.0793
575000     4415000     -20000    6.95904
575000     4420000     -20000    6.8932
575000     4425000     -20000    6.87979
575000     4430000     -20000    6.88887
575000     4435000     -20000    6.8877
575000     4440000     -20000    6.87784
575000     4445000     -20000    6.88122
575000     4450000     -20000    6.88712
575000     4455000     -20000    6.88743
575000     4460000     -20000    6.88723
575000     4465000     -20000    6.88719
575000     4470000     -20000    6.88719
575000     4475000     -20000    6.88719
575000     4480000     -20000    6.88719
575000     4360000     -21000    6.94347
575000     4365000     -21000    6.94347
575000     4370000     -21000    6.94347
575000     4375000     -21000    6.94347
575000     4380000     -21000    6.94348
575000     4385000     -21000    6.94361
575000     4390000     -21000    6.94379
575000     4395000     -21000    6.93946
575000     4400000     -21000    6.91834
575000     4405000     -21000    7.04542
575000     4410000     -21000    7.01751
575000     4415000     -21000    6.95681
575000     4420000     -21000    6.94273
575000     4425000     -21000    6.94197
575000     4430000     -21000    6.94382
575000     4435000     -21000    6.94396
575000     4440000     -21000    6.94245
575000     4445000     -21000    6.94314
575000     4450000     -21000    6.94379
575000     4455000     -21000    6.94358
575000     4460000     -21000    6.94348
575000     4465000     -21000    6.94347
575000     4470000     -21000    6.94347
575000     4475000     -21000    6.94347
575000     4480000     -21000    6.94347
575000     4360000     -22000    6.99976
575000     4365000     -22000    6.99976
575000     4370000     -22000    6.99976
575000     4375000     -22000    6.99976
575000     4380000     -22000    6.99976
575000     4385000     -22000    6.99978
575000     4390000     -22000    6.99994
575000     4395000     -22000    6.99968
575000     4400000     -22000    6.99767
575000     4405000     -22000    7.01546
575000     4410000     -22000    7.00732
575000     4415000     -22000    6.99926
575000     4420000     -22000    6.99905
575000     4425000     -22000    6.99974
575000     4430000     -22000    6.99994
575000     4435000     -22000    6.99996
575000     4440000     -22000    6.99993
575000     4445000     -22000    6.99996
575000     4450000     -22000    6.99987
575000     4455000     -22000    6.99978
575000     4460000     -22000    6.99976
575000     4465000     -22000    6.99976
575000     4470000     -22000    6.99976
575000     4475000     -22000    6.99976
575000     4480000     -22000    6.99976
575000     4360000     -23000    7.05604
575000     4365000     -23000    7.05604
575000     4370000     -23000    7.05604
575000     4375000     -23000    7.05604
575000     4380000     -23000    7.05604
575000     4385000     -23000    7.05604
575000     4390000     -23000    7.05608
575000     4395000     -23000    7.05611
575000     4400000     -23000    7.0558
575000     4405000     -23000    7.05677
575000     4410000     -23000    7.05569
575000     4415000     -23000    7.05548
575000     4420000     -23000    7.0559
575000     4425000     -23000    7.05609
575000     4430000     -23000    7.05608
575000     4435000     -23000    7.05607
575000     4440000     -23000    7.05611
575000     4445000     -23000    7.0561
575000     4450000     -23000    7.05606
575000     4455000     -23000    7.05604
575000     4460000     -23000    7.05604
575000     4465000     -23000    7.05604
575000     4470000     -23000    7.05604
575000     4475000     -23000    7.05604
575000     4480000     -23000    7.05604
575000     4360000     -24000    7.11233
575000     4365000     -24000    7.11233
575000     4370000     -24000    7.11233
575000     4375000     -24000    7.11233
575000     4380000     -24000    7.11233
575000     4385000     -24000    7.11233
575000     4390000     -24000    7.11233
575000     4395000     -24000    7.11234
575000     4400000     -24000    7.11233
575000     4405000     -24000    7.11204
575000     4410000     -24000    7.11208
575000     4415000     -24000    7.11228
575000     4420000     -24000    7.11234
575000     4425000     -24000    7.11234
575000     4430000     -24000    7.11233
575000     4435000     -24000    7.11233
575000     4440000     -24000    7.11233
575000     4445000     -24000    7.11233
575000     4450000     -24000    7.11233
575000     4455000     -24000    7.11233
575000     4460000     -24000    7.11233
575000     4465000     -24000    7.11233
575000     4470000     -24000    7.11233
575000     4475000     -24000    7.11233
575000     4480000     -24000    7.11233
