590000     4360000     2000    3.63636
590000     4360000     1000    3.91108
590000     4360000     0    4.18588
590000     4360000     -1000    4.78445
590000     4360000     -2000    4.97632
590000     4360000     -3000    5.19102
590000     4360000     -4000    5.45212
590000     4360000     -5000    5.72907
590000     4360000     -6000    6.03816
590000     4360000     -7000    6.26062
590000     4360000     -8000    6.30723
590000     4360000     -9000    6.35384
590000     4360000     -10000    6.40044
590000     4360000     -11000    6.44703
590000     4360000     -12000    6.49362
590000     4360000     -13000    6.54073
590000     4360000     -14000    6.58811
590000     4360000     -15000    6.6355
590000     4360000     -16000    6.68288
590000     4360000     -17000    6.73026
590000     4360000     -18000    6.77764
590000     4360000     -19000    6.8309
590000     4360000     -20000    6.88719
590000     4360000     -21000    6.94347
590000     4360000     -22000    6.99976
590000     4360000     -23000    7.05604
590000     4360000     -24000    7.11233
590000     4365000     2000    3.63637
590000     4365000     1000    3.91163
590000     4365000     0    4.18696
590000     4365000     -1000    4.78618
590000     4365000     -2000    4.97803
590000     4365000     -3000    5.19249
590000     4365000     -4000    5.4533
590000     4365000     -5000    5.72998
590000     4365000     -6000    6.03878
590000     4365000     -7000    6.26093
590000     4365000     -8000    6.30727
590000     4365000     -9000    6.35379
590000     4365000     -10000    6.40041
590000     4365000     -11000    6.44702
590000     4365000     -12000    6.49362
590000     4365000     -13000    6.54073
590000     4365000     -14000    6.58811
590000     4365000     -15000    6.6355
590000     4365000     -16000    6.68288
590000     4365000     -17000    6.73026
590000     4365000     -18000    6.77764
590000     4365000     -19000    6.8309
590000     4365000     -20000    6.88719
590000     4365000     -21000    6.94347
590000     4365000     -22000    6.99976
590000     4365000     -23000    7.05604
590000     4365000     -24000    7.11233
590000     4370000     2000    3.63667
590000     4370000     1000    3.9121
590000     4370000     0    4.18643
590000     4370000     -1000    4.78651
590000     4370000     -2000    4.97965
590000     4370000     -3000    5.19527
590000     4370000     -4000    5.45647
590000     4370000     -5000    5.73295
590000     4370000     -6000    6.04133
590000     4370000     -7000    6.26319
590000     4370000     -8000    6.30843
590000     4370000     -9000    6.3541
590000     4370000     -10000    6.40042
590000     4370000     -11000    6.44699
590000     4370000     -12000    6.4936
590000     4370000     -13000    6.54072
590000     4370000     -14000    6.58811
590000     4370000     -15000    6.63549
590000     4370000     -16000    6.68288
590000     4370000     -17000    6.73026
590000     4370000     -18000    6.77764
590000     4370000     -19000    6.8309
590000     4370000     -20000    6.88719
590000     4370000     -21000    6.94347
590000     4370000     -22000    6.99976
590000     4370000     -23000    7.05604
590000     4370000     -24000    7.11233
590000     4375000     2000    3.63727
590000     4375000     1000    3.90669
590000     4375000     0    4.16678
590000     4375000     -1000    4.76019
590000     4375000     -2000    4.95706
590000     4375000     -3000    5.17704
590000     4375000     -4000    5.43848
590000     4375000     -5000    5.71436
590000     4375000     -6000    6.02705
590000     4375000     -7000    6.26224
590000     4375000     -8000    6.31224
590000     4375000     -9000    6.35631
590000     4375000     -10000    6.40116
590000     4375000     -11000    6.44719
590000     4375000     -12000    6.49365
590000     4375000     -13000    6.54073
590000     4375000     -14000    6.58811
590000     4375000     -15000    6.63549
590000     4375000     -16000    6.68288
590000     4375000     -17000    6.73026
590000     4375000     -18000    6.77763
590000     4375000     -19000    6.83089
590000     4375000     -20000    6.88719
590000     4375000     -21000    6.94347
590000     4375000     -22000    6.99976
590000     4375000     -23000    7.05604
590000     4375000     -24000    7.11233
590000     4380000     2000    3.63702
590000     4380000     1000    3.91073
590000     4380000     0    4.17772
590000     4380000     -1000    4.76337
590000     4380000     -2000    4.93508
590000     4380000     -3000    5.11294
590000     4380000     -4000    5.31784
590000     4380000     -5000    5.54072
590000     4380000     -6000    5.85394
590000     4380000     -7000    6.17825
590000     4380000     -8000    6.29537
590000     4380000     -9000    6.35633
590000     4380000     -10000    6.40288
590000     4380000     -11000    6.44818
590000     4380000     -12000    6.49417
590000     4380000     -13000    6.54103
590000     4380000     -14000    6.58831
590000     4380000     -15000    6.63564
590000     4380000     -16000    6.68299
590000     4380000     -17000    6.73033
590000     4380000     -18000    6.77766
590000     4380000     -19000    6.83089
590000     4380000     -20000    6.88717
590000     4380000     -21000    6.94346
590000     4380000     -22000    6.99976
590000     4380000     -23000    7.05604
590000     4380000     -24000    7.11233
590000     4385000     2000    3.63648
590000     4385000     1000    3.91218
590000     4385000     0    4.18773
590000     4385000     -1000    4.7878
590000     4385000     -2000    4.9794
590000     4385000     -3000    5.18357
590000     4385000     -4000    5.38686
590000     4385000     -5000    5.50653
590000     4385000     -6000    5.64417
590000     4385000     -7000    5.9007
590000     4385000     -8000    6.15044
590000     4385000     -9000    6.30472
590000     4385000     -10000    6.39044
590000     4385000     -11000    6.44592
590000     4385000     -12000    6.49469
590000     4385000     -13000    6.5421
590000     4385000     -14000    6.58901
590000     4385000     -15000    6.63593
590000     4385000     -16000    6.68321
590000     4385000     -17000    6.73067
590000     4385000     -18000    6.77794
590000     4385000     -19000    6.83101
590000     4385000     -20000    6.8872
590000     4385000     -21000    6.94345
590000     4385000     -22000    6.99975
590000     4385000     -23000    7.05604
590000     4385000     -24000    7.11233
590000     4390000     2000    3.63634
590000     4390000     1000    3.91132
590000     4390000     0    4.18656
590000     4390000     -1000    4.78626
590000     4390000     -2000    4.9799
590000     4390000     -3000    5.19649
590000     4390000     -4000    5.4474
590000     4390000     -5000    5.63794
590000     4390000     -6000    5.73426
590000     4390000     -7000    5.87913
590000     4390000     -8000    6.01431
590000     4390000     -9000    6.16525
590000     4390000     -10000    6.32456
590000     4390000     -11000    6.41689
590000     4390000     -12000    6.48498
590000     4390000     -13000    6.5399
590000     4390000     -14000    6.58557
590000     4390000     -15000    6.62958
590000     4390000     -16000    6.67789
590000     4390000     -17000    6.72906
590000     4390000     -18000    6.77837
590000     4390000     -19000    6.83165
590000     4390000     -20000    6.88751
590000     4390000     -21000    6.94353
590000     4390000     -22000    6.99975
590000     4390000     -23000    7.05604
590000     4390000     -24000    7.11233
590000     4395000     2000    3.63632
590000     4395000     1000    3.91108
590000     4395000     0    4.1859
590000     4395000     -1000    4.7848
590000     4395000     -2000    4.97717
590000     4395000     -3000    5.19308
590000     4395000     -4000    5.45674
590000     4395000     -5000    5.70885
590000     4395000     -6000    5.87275
590000     4395000     -7000    6.0127
590000     4395000     -8000    6.11134
590000     4395000     -9000    6.11908
590000     4395000     -10000    6.24871
590000     4395000     -11000    6.37819
590000     4395000     -12000    6.44297
590000     4395000     -13000    6.51407
590000     4395000     -14000    6.55188
590000     4395000     -15000    6.57889
590000     4395000     -16000    6.63317
590000     4395000     -17000    6.70861
590000     4395000     -18000    6.77365
590000     4395000     -19000    6.83179
590000     4395000     -20000    6.88824
590000     4395000     -21000    6.94387
590000     4395000     -22000    6.99983
590000     4395000     -23000    7.05605
590000     4395000     -24000    7.11233
590000     4400000     2000    3.63631
590000     4400000     1000    3.91239
590000     4400000     0    4.1889
590000     4400000     -1000    4.79121
590000     4400000     -2000    4.98221
590000     4400000     -3000    5.19041
590000     4400000     -4000    5.45044
590000     4400000     -5000    5.69781
590000     4400000     -6000    6.01609
590000     4400000     -7000    6.2005
590000     4400000     -8000    6.18387
590000     4400000     -9000    6.12937
590000     4400000     -10000    6.21357
590000     4400000     -11000    6.38461
590000     4400000     -12000    6.43176
590000     4400000     -13000    6.5036
590000     4400000     -14000    6.55636
590000     4400000     -15000    6.57742
590000     4400000     -16000    6.61497
590000     4400000     -17000    6.68742
590000     4400000     -18000    6.76052
590000     4400000     -19000    6.82664
590000     4400000     -20000    6.88737
590000     4400000     -21000    6.94396
590000     4400000     -22000    6.99991
590000     4400000     -23000    7.05607
590000     4400000     -24000    7.11233
590000     4405000     2000    3.63745
590000     4405000     1000    3.91535
590000     4405000     0    4.19696
590000     4405000     -1000    4.81763
590000     4405000     -2000    5.00855
590000     4405000     -3000    5.19773
590000     4405000     -4000    5.43606
590000     4405000     -5000    5.59473
590000     4405000     -6000    6.09582
590000     4405000     -7000    6.40574
590000     4405000     -8000    6.15896
590000     4405000     -9000    6.13649
590000     4405000     -10000    6.30483
590000     4405000     -11000    6.41613
590000     4405000     -12000    6.45466
590000     4405000     -13000    6.51511
590000     4405000     -14000    6.57279
590000     4405000     -15000    6.61383
590000     4405000     -16000    6.65912
590000     4405000     -17000    6.71731
590000     4405000     -18000    6.7736
590000     4405000     -19000    6.83052
590000     4405000     -20000    6.88755
590000     4405000     -21000    6.94361
590000     4405000     -22000    6.99974
590000     4405000     -23000    7.05604
590000     4405000     -24000    7.11233
590000     4410000     2000    3.64264
590000     4410000     1000    3.87043
590000     4410000     0    4.11854
590000     4410000     -1000    4.73924
590000     4410000     -2000    4.98017
590000     4410000     -3000    5.14083
590000     4410000     -4000    5.3807
590000     4410000     -5000    5.60273
590000     4410000     -6000    5.97431
590000     4410000     -7000    5.91325
590000     4410000     -8000    5.94078
590000     4410000     -9000    6.23719
590000     4410000     -10000    6.47628
590000     4410000     -11000    6.45343
590000     4410000     -12000    6.48608
590000     4410000     -13000    6.52879
590000     4410000     -14000    6.57065
590000     4410000     -15000    6.61782
590000     4410000     -16000    6.66923
590000     4410000     -17000    6.72405
590000     4410000     -18000    6.77659
590000     4410000     -19000    6.83146
590000     4410000     -20000    6.88734
590000     4410000     -21000    6.94319
590000     4410000     -22000    6.99962
590000     4410000     -23000    7.05603
590000     4410000     -24000    7.11234
590000     4415000     2000    3.58431
590000     4415000     1000    3.54802
590000     4415000     0    3.65875
590000     4415000     -1000    4.29098
590000     4415000     -2000    4.58491
590000     4415000     -3000    4.72549
590000     4415000     -4000    5.03346
590000     4415000     -5000    5.79191
590000     4415000     -6000    6.53908
590000     4415000     -7000    6.5
590000     4415000     -8000    5.98552
590000     4415000     -9000    6.1339
590000     4415000     -10000    6.23102
590000     4415000     -11000    6.36456
590000     4415000     -12000    6.47194
590000     4415000     -13000    6.53139
590000     4415000     -14000    6.57335
590000     4415000     -15000    6.62585
590000     4415000     -16000    6.67766
590000     4415000     -17000    6.72855
590000     4415000     -18000    6.77706
590000     4415000     -19000    6.83107
590000     4415000     -20000    6.88719
590000     4415000     -21000    6.94338
590000     4415000     -22000    6.99973
590000     4415000     -23000    7.05605
590000     4415000     -24000    7.11233
590000     4420000     2000    3.61602
590000     4420000     1000    3.65885
590000     4420000     0    3.69614
590000     4420000     -1000    4.29187
590000     4420000     -2000    4.6225
590000     4420000     -3000    4.72252
590000     4420000     -4000    5.04247
590000     4420000     -5000    5.51723
590000     4420000     -6000    6.44911
590000     4420000     -7000    6.71116
590000     4420000     -8000    5.59538
590000     4420000     -9000    6.12266
590000     4420000     -10000    6.28468
590000     4420000     -11000    6.41412
590000     4420000     -12000    6.48969
590000     4420000     -13000    6.50481
590000     4420000     -14000    6.51834
590000     4420000     -15000    6.56252
590000     4420000     -16000    6.63356
590000     4420000     -17000    6.70786
590000     4420000     -18000    6.76993
590000     4420000     -19000    6.82833
590000     4420000     -20000    6.88733
590000     4420000     -21000    6.94406
590000     4420000     -22000    6.99995
590000     4420000     -23000    7.05607
590000     4420000     -24000    7.11233
590000     4425000     2000    3.64002
590000     4425000     1000    3.87395
590000     4425000     0    4.08196
590000     4425000     -1000    4.61061
590000     4425000     -2000    4.78172
590000     4425000     -3000    4.99542
590000     4425000     -4000    5.42916
590000     4425000     -5000    5.75441
590000     4425000     -6000    5.89471
590000     4425000     -7000    6.39464
590000     4425000     -8000    5.81996
590000     4425000     -9000    6.34029
590000     4425000     -10000    6.5156
590000     4425000     -11000    6.65519
590000     4425000     -12000    6.66098
590000     4425000     -13000    6.58857
590000     4425000     -14000    6.5061
590000     4425000     -15000    6.48192
590000     4425000     -16000    6.50436
590000     4425000     -17000    6.5949
590000     4425000     -18000    6.71857
590000     4425000     -19000    6.81233
590000     4425000     -20000    6.8828
590000     4425000     -21000    6.94387
590000     4425000     -22000    7.00007
590000     4425000     -23000    7.05609
590000     4425000     -24000    7.11233
590000     4430000     2000    3.63728
590000     4430000     1000    3.91257
590000     4430000     0    4.18253
590000     4430000     -1000    4.76601
590000     4430000     -2000    4.93807
590000     4430000     -3000    5.11184
590000     4430000     -4000    5.30674
590000     4430000     -5000    5.51735
590000     4430000     -6000    5.6558
590000     4430000     -7000    6.1718
590000     4430000     -8000    6.02205
590000     4430000     -9000    6.33112
590000     4430000     -10000    6.42452
590000     4430000     -11000    6.56494
590000     4430000     -12000    6.65406
590000     4430000     -13000    6.63619
590000     4430000     -14000    6.47502
590000     4430000     -15000    6.57669
590000     4430000     -16000    6.66092
590000     4430000     -17000    6.70507
590000     4430000     -18000    6.76148
590000     4430000     -19000    6.82295
590000     4430000     -20000    6.88433
590000     4430000     -21000    6.9438
590000     4430000     -22000    6.99999
590000     4430000     -23000    7.05608
590000     4430000     -24000    7.11233
590000     4435000     2000    3.63636
590000     4435000     1000    3.91222
590000     4435000     0    4.18837
590000     4435000     -1000    4.78829
590000     4435000     -2000    4.97852
590000     4435000     -3000    5.18247
590000     4435000     -4000    5.38479
590000     4435000     -5000    5.57435
590000     4435000     -6000    5.85376
590000     4435000     -7000    6.58625
590000     4435000     -8000    6.37202
590000     4435000     -9000    6.31869
590000     4435000     -10000    6.37489
590000     4435000     -11000    6.45059
590000     4435000     -12000    6.57546
590000     4435000     -13000    6.6727
590000     4435000     -14000    6.60181
590000     4435000     -15000    6.63097
590000     4435000     -16000    6.68574
590000     4435000     -17000    6.73422
590000     4435000     -18000    6.78034
590000     4435000     -19000    6.83215
590000     4435000     -20000    6.88785
590000     4435000     -21000    6.94404
590000     4435000     -22000    6.99992
590000     4435000     -23000    7.05606
590000     4435000     -24000    7.11233
590000     4440000     2000    3.63644
590000     4440000     1000    3.91153
590000     4440000     0    4.18677
590000     4440000     -1000    4.78447
590000     4440000     -2000    4.96853
590000     4440000     -3000    5.18356
590000     4440000     -4000    5.41419
590000     4440000     -5000    5.684
590000     4440000     -6000    6.13624
590000     4440000     -7000    6.49243
590000     4440000     -8000    6.35371
590000     4440000     -9000    6.5638
590000     4440000     -10000    6.47264
590000     4440000     -11000    6.47449
590000     4440000     -12000    6.55054
590000     4440000     -13000    6.69879
590000     4440000     -14000    6.61058
590000     4440000     -15000    6.63283
590000     4440000     -16000    6.68419
590000     4440000     -17000    6.7331
590000     4440000     -18000    6.78131
590000     4440000     -19000    6.83249
590000     4440000     -20000    6.88628
590000     4440000     -21000    6.94343
590000     4440000     -22000    6.99986
590000     4440000     -23000    7.05607
590000     4440000     -24000    7.11233
590000     4445000     2000    3.63691
590000     4445000     1000    3.90643
590000     4445000     0    4.17279
590000     4445000     -1000    4.75387
590000     4445000     -2000    4.93274
590000     4445000     -3000    5.17685
590000     4445000     -4000    5.48261
590000     4445000     -5000    5.80493
590000     4445000     -6000    6.09864
590000     4445000     -7000    6.28248
590000     4445000     -8000    6.28997
590000     4445000     -9000    6.44006
590000     4445000     -10000    6.42659
590000     4445000     -11000    6.39436
590000     4445000     -12000    6.43537
590000     4445000     -13000    6.54303
590000     4445000     -14000    6.57954
590000     4445000     -15000    6.63213
590000     4445000     -16000    6.68334
590000     4445000     -17000    6.73121
590000     4445000     -18000    6.77923
590000     4445000     -19000    6.83231
590000     4445000     -20000    6.88724
590000     4445000     -21000    6.94357
590000     4445000     -22000    6.99984
590000     4445000     -23000    7.05606
590000     4445000     -24000    7.11233
590000     4450000     2000    3.63361
590000     4450000     1000    3.87318
590000     4450000     0    4.10706
590000     4450000     -1000    4.69286
590000     4450000     -2000    4.91134
590000     4450000     -3000    5.15216
590000     4450000     -4000    5.41439
590000     4450000     -5000    5.68577
590000     4450000     -6000    6.0033
590000     4450000     -7000    6.23354
590000     4450000     -8000    6.28878
590000     4450000     -9000    6.35407
590000     4450000     -10000    6.36228
590000     4450000     -11000    6.37327
590000     4450000     -12000    6.42218
590000     4450000     -13000    6.51421
590000     4450000     -14000    6.58245
590000     4450000     -15000    6.63508
590000     4450000     -16000    6.68299
590000     4450000     -17000    6.73029
590000     4450000     -18000    6.77784
590000     4450000     -19000    6.83123
590000     4450000     -20000    6.88736
590000     4450000     -21000    6.94357
590000     4450000     -22000    6.99978
590000     4450000     -23000    7.05605
590000     4450000     -24000    7.11233
590000     4455000     2000    3.63665
590000     4455000     1000    3.90455
590000     4455000     0    4.17427
590000     4455000     -1000    4.77368
590000     4455000     -2000    4.97063
590000     4455000     -3000    5.18878
590000     4455000     -4000    5.44866
590000     4455000     -5000    5.72318
590000     4455000     -6000    6.03345
590000     4455000     -7000    6.25813
590000     4455000     -8000    6.30657
590000     4455000     -9000    6.35454
590000     4455000     -10000    6.39644
590000     4455000     -11000    6.43919
590000     4455000     -12000    6.48581
590000     4455000     -13000    6.53834
590000     4455000     -14000    6.58827
590000     4455000     -15000    6.63581
590000     4455000     -16000    6.68294
590000     4455000     -17000    6.73023
590000     4455000     -18000    6.77762
590000     4455000     -19000    6.83092
590000     4455000     -20000    6.88722
590000     4455000     -21000    6.94349
590000     4455000     -22000    6.99976
590000     4455000     -23000    7.05604
590000     4455000     -24000    7.11233
590000     4460000     2000    3.63648
590000     4460000     1000    3.91096
590000     4460000     0    4.18581
590000     4460000     -1000    4.78502
590000     4460000     -2000    4.97728
590000     4460000     -3000    5.19203
590000     4460000     -4000    5.45279
590000     4460000     -5000    5.72936
590000     4460000     -6000    6.0385
590000     4460000     -7000    6.2613
590000     4460000     -8000    6.30811
590000     4460000     -9000    6.35482
590000     4460000     -10000    6.40135
590000     4460000     -11000    6.44779
590000     4460000     -12000    6.49407
590000     4460000     -13000    6.54114
590000     4460000     -14000    6.58838
590000     4460000     -15000    6.63558
590000     4460000     -16000    6.68288
590000     4460000     -17000    6.73025
590000     4460000     -18000    6.77763
590000     4460000     -19000    6.83089
590000     4460000     -20000    6.88718
590000     4460000     -21000    6.94347
590000     4460000     -22000    6.99976
590000     4460000     -23000    7.05604
590000     4460000     -24000    7.11233
590000     4465000     2000    3.63637
590000     4465000     1000    3.91116
590000     4465000     0    4.18598
590000     4465000     -1000    4.78463
590000     4465000     -2000    4.97652
590000     4465000     -3000    5.19122
590000     4465000     -4000    5.45232
590000     4465000     -5000    5.72925
590000     4465000     -6000    6.03833
590000     4465000     -7000    6.26082
590000     4465000     -8000    6.30743
590000     4465000     -9000    6.35404
590000     4465000     -10000    6.40069
590000     4465000     -11000    6.44729
590000     4465000     -12000    6.4938
590000     4465000     -13000    6.54083
590000     4465000     -14000    6.58814
590000     4465000     -15000    6.6355
590000     4465000     -16000    6.68287
590000     4465000     -17000    6.73026
590000     4465000     -18000    6.77764
590000     4465000     -19000    6.8309
590000     4465000     -20000    6.88719
590000     4465000     -21000    6.94347
590000     4465000     -22000    6.99976
590000     4465000     -23000    7.05604
590000     4465000     -24000    7.11233
590000     4470000     2000    3.63636
590000     4470000     1000    3.91108
590000     4470000     0    4.18581
590000     4470000     -1000    4.78437
590000     4470000     -2000    4.97628
590000     4470000     -3000    5.19104
590000     4470000     -4000    5.45218
590000     4470000     -5000    5.72914
590000     4470000     -6000    6.03821
590000     4470000     -7000    6.26067
590000     4470000     -8000    6.30726
590000     4470000     -9000    6.35385
590000     4470000     -10000    6.40045
590000     4470000     -11000    6.44704
590000     4470000     -12000    6.49363
590000     4470000     -13000    6.54073
590000     4470000     -14000    6.58811
590000     4470000     -15000    6.63549
590000     4470000     -16000    6.68288
590000     4470000     -17000    6.73026
590000     4470000     -18000    6.77764
590000     4470000     -19000    6.8309
590000     4470000     -20000    6.88719
590000     4470000     -21000    6.94347
590000     4470000     -22000    6.99976
590000     4470000     -23000    7.05604
590000     4470000     -24000    7.11233
590000     4475000     2000    3.63636
590000     4475000     1000    3.91108
590000     4475000     0    4.18579
590000     4475000     -1000    4.78435
590000     4475000     -2000    4.97627
590000     4475000     -3000    5.19104
590000     4475000     -4000    5.45218
590000     4475000     -5000    5.72913
590000     4475000     -6000    6.03821
590000     4475000     -7000    6.26067
590000     4475000     -8000    6.30726
590000     4475000     -9000    6.35385
590000     4475000     -10000    6.40044
590000     4475000     -11000    6.44703
590000     4475000     -12000    6.49362
590000     4475000     -13000    6.54073
590000     4475000     -14000    6.58811
590000     4475000     -15000    6.6355
590000     4475000     -16000    6.68288
590000     4475000     -17000    6.73026
590000     4475000     -18000    6.77764
590000     4475000     -19000    6.8309
590000     4475000     -20000    6.88719
590000     4475000     -21000    6.94347
590000     4475000     -22000    6.99976
590000     4475000     -23000    7.05604
590000     4475000     -24000    7.11233
590000     4480000     2000    3.63636
590000     4480000     1000    3.91108
590000     4480000     0    4.18579
590000     4480000     -1000    4.78436
590000     4480000     -2000    4.97628
590000     4480000     -3000    5.19104
590000     4480000     -4000    5.45218
590000     4480000     -5000    5.72914
590000     4480000     -6000    6.03822
590000     4480000     -7000    6.26067
590000     4480000     -8000    6.30726
590000     4480000     -9000    6.35385
590000     4480000     -10000    6.40044
590000     4480000     -11000    6.44703
590000     4480000     -12000    6.49362
590000     4480000     -13000    6.54073
590000     4480000     -14000    6.58811
590000     4480000     -15000    6.6355
590000     4480000     -16000    6.68288
590000     4480000     -17000    6.73026
590000     4480000     -18000    6.77764
590000     4480000     -19000    6.8309
590000     4480000     -20000    6.88719
590000     4480000     -21000    6.94347
590000     4480000     -22000    6.99976
590000     4480000     -23000    7.05604
590000     4480000     -24000    7.11233
