630000     4360000     2000    3.63636
630000     4365000     2000    3.63636
630000     4370000     2000    3.63636
630000     4375000     2000    3.63636
630000     4380000     2000    3.63636
630000     4385000     2000    3.63636
630000     4390000     2000    3.63636
630000     4395000     2000    3.63636
630000     4400000     2000    3.63636
630000     4405000     2000    3.63635
630000     4410000     2000    3.63635
630000     4415000     2000    3.63637
630000     4420000     2000    3.63635
630000     4425000     2000    3.63635
630000     4430000     2000    3.63636
630000     4435000     2000    3.63636
630000     4440000     2000    3.63636
630000     4445000     2000    3.63636
630000     4450000     2000    3.63636
630000     4455000     2000    3.63636
630000     4460000     2000    3.63636
630000     4465000     2000    3.63636
630000     4470000     2000    3.63636
630000     4475000     2000    3.63636
630000     4480000     2000    3.63636
630000     4360000     1000    3.91108
630000     4365000     1000    3.91108
630000     4370000     1000    3.91108
630000     4375000     1000    3.91108
630000     4380000     1000    3.91108
630000     4385000     1000    3.91108
630000     4390000     1000    3.9111
630000     4395000     1000    3.91108
630000     4400000     1000    3.91106
630000     4405000     1000    3.91108
630000     4410000     1000    3.91119
630000     4415000     1000    3.91123
630000     4420000     1000    3.91118
630000     4425000     1000    3.91108
630000     4430000     1000    3.91107
630000     4435000     1000    3.91107
630000     4440000     1000    3.91108
630000     4445000     1000    3.91108
630000     4450000     1000    3.91108
630000     4455000     1000    3.91108
630000     4460000     1000    3.91108
630000     4465000     1000    3.91108
630000     4470000     1000    3.91108
630000     4475000     1000    3.91108
630000     4480000     1000    3.91108
630000     4360000     0    4.18579
630000     4365000     0    4.18579
630000     4370000     0    4.18579
630000     4375000     0    4.18579
630000     4380000     0    4.18579
630000     4385000     0    4.18582
630000     4390000     0    4.18585
630000     4395000     0    4.18582
630000     4400000     0    4.18577
630000     4405000     0    4.1858
630000     4410000     0    4.18602
630000     4415000     0    4.18611
630000     4420000     0    4.18599
630000     4425000     0    4.18582
630000     4430000     0    4.18578
630000     4435000     0    4.18578
630000     4440000     0    4.18579
630000     4445000     0    4.18579
630000     4450000     0    4.18579
630000     4455000     0    4.18579
630000     4460000     0    4.18579
630000     4465000     0    4.18579
630000     4470000     0    4.18579
630000     4475000     0    4.18579
630000     4480000     0    4.18579
630000     4360000     -1000    4.78436
630000     4365000     -1000    4.78436
630000     4370000     -1000    4.78436
630000     4375000     -1000    4.78435
630000     4380000     -1000    4.78436
630000     4385000     -1000    4.7844
630000     4390000     -1000    4.78446
630000     4395000     -1000    4.78442
630000     4400000     -1000    4.78433
630000     4405000     -1000    4.78435
630000     4410000     -1000    4.78462
630000     4415000     -1000    4.78478
630000     4420000     -1000    4.78467
630000     4425000     -1000    4.78443
630000     4430000     -1000    4.78433
630000     4435000     -1000    4.78434
630000     4440000     -1000    4.78435
630000     4445000     -1000    4.78436
630000     4450000     -1000    4.78436
630000     4455000     -1000    4.78436
630000     4460000     -1000    4.78436
630000     4465000     -1000    4.78436
630000     4470000     -1000    4.78436
630000     4475000     -1000    4.78436
630000     4480000     -1000    4.78436
630000     4360000     -2000    4.97628
630000     4365000     -2000    4.97628
630000     4370000     -2000    4.97628
630000     4375000     -2000    4.97628
630000     4380000     -2000    4.97628
630000     4385000     -2000    4.97632
630000     4390000     -2000    4.97638
630000     4395000     -2000    4.97636
630000     4400000     -2000    4.97627
630000     4405000     -2000    4.97626
630000     4410000     -2000    4.97646
630000     4415000     -2000    4.97665
630000     4420000     -2000    4.97664
630000     4425000     -2000    4.97642
630000     4430000     -2000    4.97626
630000     4435000     -2000    4.97626
630000     4440000     -2000    4.97628
630000     4445000     -2000    4.97628
630000     4450000     -2000    4.97628
630000     4455000     -2000    4.97628
630000     4460000     -2000    4.97628
630000     4465000     -2000    4.97628
630000     4470000     -2000    4.97628
630000     4475000     -2000    4.97628
630000     4480000     -2000    4.97628
630000     4360000     -3000    5.19104
630000     4365000     -3000    5.19104
630000     4370000     -3000    5.19104
630000     4375000     -3000    5.19104
630000     4380000     -3000    5.19104
630000     4385000     -3000    5.19106
630000     4390000     -3000    5.19112
630000     4395000     -3000    5.19111
630000     4400000     -3000    5.19104
630000     4405000     -3000    5.19103
630000     4410000     -3000    5.19117
630000     4415000     -3000    5.1914
630000     4420000     -3000    5.19152
630000     4425000     -3000    5.19129
630000     4430000     -3000    5.19104
630000     4435000     -3000    5.19101
630000     4440000     -3000    5.19104
630000     4445000     -3000    5.19104
630000     4450000     -3000    5.19104
630000     4455000     -3000    5.19104
630000     4460000     -3000    5.19104
630000     4465000     -3000    5.19104
630000     4470000     -3000    5.19104
630000     4475000     -3000    5.19104
630000     4480000     -3000    5.19104
630000     4360000     -4000    5.45218
630000     4365000     -4000    5.45218
630000     4370000     -4000    5.45218
630000     4375000     -4000    5.45218
630000     4380000     -4000    5.45217
630000     4385000     -4000    5.45218
630000     4390000     -4000    5.45222
630000     4395000     -4000    5.45222
630000     4400000     -4000    5.45217
630000     4405000     -4000    5.45217
630000     4410000     -4000    5.45227
630000     4415000     -4000    5.45252
630000     4420000     -4000    5.45277
630000     4425000     -4000    5.4526
630000     4430000     -4000    5.45223
630000     4435000     -4000    5.45213
630000     4440000     -4000    5.45216
630000     4445000     -4000    5.45218
630000     4450000     -4000    5.45218
630000     4455000     -4000    5.45218
630000     4460000     -4000    5.45218
630000     4465000     -4000    5.45218
630000     4470000     -4000    5.45218
630000     4475000     -4000    5.45218
630000     4480000     -4000    5.45218
630000     4360000     -5000    5.72914
630000     4365000     -5000    5.72914
630000     4370000     -5000    5.72914
630000     4375000     -5000    5.72914
630000     4380000     -5000    5.72913
630000     4385000     -5000    5.72913
630000     4390000     -5000    5.72916
630000     4395000     -5000    5.72918
630000     4400000     -5000    5.72915
630000     4405000     -5000    5.72915
630000     4410000     -5000    5.72919
630000     4415000     -5000    5.72941
630000     4420000     -5000    5.7298
630000     4425000     -5000    5.72972
630000     4430000     -5000    5.7293
630000     4435000     -5000    5.7291
630000     4440000     -5000    5.7291
630000     4445000     -5000    5.72912
630000     4450000     -5000    5.72913
630000     4455000     -5000    5.72914
630000     4460000     -5000    5.72914
630000     4465000     -5000    5.72914
630000     4470000     -5000    5.72914
630000     4475000     -5000    5.72914
630000     4480000     -5000    5.72914
630000     4360000     -6000    6.03822
630000     4365000     -6000    6.03822
630000     4370000     -6000    6.03822
630000     4375000     -6000    6.03822
630000     4380000     -6000    6.03821
630000     4385000     -6000    6.0382
630000     4390000     -6000    6.03823
630000     4395000     -6000    6.03826
630000     4400000     -6000    6.03826
630000     4405000     -6000    6.03826
630000     4410000     -6000    6.03824
630000     4415000     -6000    6.03839
630000     4420000     -6000    6.03888
630000     4425000     -6000    6.03894
630000     4430000     -6000    6.03856
630000     4435000     -6000    6.03825
630000     4440000     -6000    6.03819
630000     4445000     -6000    6.0382
630000     4450000     -6000    6.03821
630000     4455000     -6000    6.03821
630000     4460000     -6000    6.03822
630000     4465000     -6000    6.03822
630000     4470000     -6000    6.03822
630000     4475000     -6000    6.03822
630000     4480000     -6000    6.03822
630000     4360000     -7000    6.26067
630000     4365000     -7000    6.26067
630000     4370000     -7000    6.26067
630000     4375000     -7000    6.26067
630000     4380000     -7000    6.26067
630000     4385000     -7000    6.26066
630000     4390000     -7000    6.26068
630000     4395000     -7000    6.26069
630000     4400000     -7000    6.26069
630000     4405000     -7000    6.2607
630000     4410000     -7000    6.26067
630000     4415000     -7000    6.26077
630000     4420000     -7000    6.26122
630000     4425000     -7000    6.26142
630000     4430000     -7000    6.26115
630000     4435000     -7000    6.26079
630000     4440000     -7000    6.26067
630000     4445000     -7000    6.26066
630000     4450000     -7000    6.26067
630000     4455000     -7000    6.26067
630000     4460000     -7000    6.26067
630000     4465000     -7000    6.26067
630000     4470000     -7000    6.26067
630000     4475000     -7000    6.26067
630000     4480000     -7000    6.26067
630000     4360000     -8000    6.30726
630000     4365000     -8000    6.30726
630000     4370000     -8000    6.30726
630000     4375000     -8000    6.30726
630000     4380000     -8000    6.30726
630000     4385000     -8000    6.30725
630000     4390000     -8000    6.30726
630000     4395000     -8000    6.30727
630000     4400000     -8000    6.30727
630000     4405000     -8000    6.30727
630000     4410000     -8000    6.30725
630000     4415000     -8000    6.30728
630000     4420000     -8000    6.30759
630000     4425000     -8000    6.30784
630000     4430000     -8000    6.30771
630000     4435000     -8000    6.30737
630000     4440000     -8000    6.30722
630000     4445000     -8000    6.30723
630000     4450000     -8000    6.30725
630000     4455000     -8000    6.30726
630000     4460000     -8000    6.30726
630000     4465000     -8000    6.30726
630000     4470000     -8000    6.30726
630000     4475000     -8000    6.30726
630000     4480000     -8000    6.30726
630000     4360000     -9000    6.35385
630000     4365000     -9000    6.35385
630000     4370000     -9000    6.35385
630000     4375000     -9000    6.35385
630000     4380000     -9000    6.35385
630000     4385000     -9000    6.35385
630000     4390000     -9000    6.35385
630000     4395000     -9000    6.35385
630000     4400000     -9000    6.35385
630000     4405000     -9000    6.35385
630000     4410000     -9000    6.35382
630000     4415000     -9000    6.35382
630000     4420000     -9000    6.354
630000     4425000     -9000    6.35427
630000     4430000     -9000    6.35426
630000     4435000     -9000    6.35401
630000     4440000     -9000    6.35383
630000     4445000     -9000    6.35382
630000     4450000     -9000    6.35384
630000     4455000     -9000    6.35385
630000     4460000     -9000    6.35385
630000     4465000     -9000    6.35385
630000     4470000     -9000    6.35385
630000     4475000     -9000    6.35385
630000     4480000     -9000    6.35385
630000     4360000     -10000    6.40044
630000     4365000     -10000    6.40044
630000     4370000     -10000    6.40044
630000     4375000     -10000    6.40044
630000     4380000     -10000    6.40044
630000     4385000     -10000    6.40044
630000     4390000     -10000    6.40044
630000     4395000     -10000    6.40044
630000     4400000     -10000    6.40044
630000     4405000     -10000    6.40043
630000     4410000     -10000    6.40042
630000     4415000     -10000    6.4004
630000     4420000     -10000    6.40047
630000     4425000     -10000    6.4007
630000     4430000     -10000    6.40081
630000     4435000     -10000    6.40066
630000     4440000     -10000    6.40047
630000     4445000     -10000    6.40042
630000     4450000     -10000    6.40043
630000     4455000     -10000    6.40044
630000     4460000     -10000    6.40044
630000     4465000     -10000    6.40044
630000     4470000     -10000    6.40044
630000     4475000     -10000    6.40044
630000     4480000     -10000    6.40044
630000     4360000     -11000    6.44703
630000     4365000     -11000    6.44703
630000     4370000     -11000    6.44703
630000     4375000     -11000    6.44703
630000     4380000     -11000    6.44703
630000     4385000     -11000    6.44703
630000     4390000     -11000    6.44703
630000     4395000     -11000    6.44703
630000     4400000     -11000    6.44703
630000     4405000     -11000    6.44703
630000     4410000     -11000    6.44702
630000     4415000     -11000    6.447
630000     4420000     -11000    6.44702
630000     4425000     -11000    6.44716
630000     4430000     -11000    6.44731
630000     4435000     -11000    6.44726
630000     4440000     -11000    6.4471
630000     4445000     -11000    6.44702
630000     4450000     -11000    6.44702
630000     4455000     -11000    6.44703
630000     4460000     -11000    6.44703
630000     4465000     -11000    6.44703
630000     4470000     -11000    6.44703
630000     4475000     -11000    6.44703
630000     4480000     -11000    6.44703
630000     4360000     -12000    6.49362
630000     4365000     -12000    6.49362
630000     4370000     -12000    6.49362
630000     4375000     -12000    6.49362
630000     4380000     -12000    6.49362
630000     4385000     -12000    6.49362
630000     4390000     -12000    6.49362
630000     4395000     -12000    6.49362
630000     4400000     -12000    6.49362
630000     4405000     -12000    6.49362
630000     4410000     -12000    6.49362
630000     4415000     -12000    6.4936
630000     4420000     -12000    6.4936
630000     4425000     -12000    6.49367
630000     4430000     -12000    6.49379
630000     4435000     -12000    6.49381
630000     4440000     -12000    6.4937
630000     4445000     -12000    6.49362
630000     4450000     -12000    6.49361
630000     4455000     -12000    6.49362
630000     4460000     -12000    6.49362
630000     4465000     -12000    6.49362
630000     4470000     -12000    6.49362
630000     4475000     -12000    6.49362
630000     4480000     -12000    6.49362
630000     4360000     -13000    6.54073
630000     4365000     -13000    6.54073
630000     4370000     -13000    6.54073
630000     4375000     -13000    6.54073
630000     4380000     -13000    6.54073
630000     4385000     -13000    6.54073
630000     4390000     -13000    6.54073
630000     4395000     -13000    6.54073
630000     4400000     -13000    6.54073
630000     4405000     -13000    6.54073
630000     4410000     -13000    6.54073
630000     4415000     -13000    6.54072
630000     4420000     -13000    6.54071
630000     4425000     -13000    6.54074
630000     4430000     -13000    6.54083
630000     4435000     -13000    6.54086
630000     4440000     -13000    6.54079
630000     4445000     -13000    6.54073
630000     4450000     -13000    6.54072
630000     4455000     -13000    6.54073
630000     4460000     -13000    6.54073
630000     4465000     -13000    6.54073
630000     4470000     -13000    6.54073
630000     4475000     -13000    6.54073
630000     4480000     -13000    6.54073
630000     4360000     -14000    6.58811
630000     4365000     -14000    6.58811
630000     4370000     -14000    6.58811
630000     4375000     -14000    6.58811
630000     4380000     -14000    6.58811
630000     4385000     -14000    6.58811
630000     4390000     -14000    6.58811
630000     4395000     -14000    6.58811
630000     4400000     -14000    6.58811
630000     4405000     -14000    6.58811
630000     4410000     -14000    6.58811
630000     4415000     -14000    6.58811
630000     4420000     -14000    6.5881
630000     4425000     -14000    6.5881
630000     4430000     -14000    6.58816
630000     4435000     -14000    6.58821
630000     4440000     -14000    6.58817
630000     4445000     -14000    6.58812
630000     4450000     -14000    6.58811
630000     4455000     -14000    6.58811
630000     4460000     -14000    6.58811
630000     4465000     -14000    6.58811
630000     4470000     -14000    6.58811
630000     4475000     -14000    6.58811
630000     4480000     -14000    6.58811
630000     4360000     -15000    6.6355
630000     4365000     -15000    6.6355
630000     4370000     -15000    6.6355
630000     4375000     -15000    6.6355
630000     4380000     -15000    6.6355
630000     4385000     -15000    6.6355
630000     4390000     -15000    6.6355
630000     4395000     -15000    6.6355
630000     4400000     -15000    6.6355
630000     4405000     -15000    6.6355
630000     4410000     -15000    6.6355
630000     4415000     -15000    6.6355
630000     4420000     -15000    6.63549
630000     4425000     -15000    6.63548
630000     4430000     -15000    6.6355
630000     4435000     -15000    6.63554
630000     4440000     -15000    6.63553
630000     4445000     -15000    6.63551
630000     4450000     -15000    6.63549
630000     4455000     -15000    6.63549
630000     4460000     -15000    6.6355
630000     4465000     -15000    6.6355
630000     4470000     -15000    6.6355
630000     4475000     -15000    6.6355
630000     4480000     -15000    6.6355
630000     4360000     -16000    6.68288
630000     4365000     -16000    6.68288
630000     4370000     -16000    6.68288
630000     4375000     -16000    6.68288
630000     4380000     -16000    6.68288
630000     4385000     -16000    6.68288
630000     4390000     -16000    6.68288
630000     4395000     -16000    6.68288
630000     4400000     -16000    6.68288
630000     4405000     -16000    6.68288
630000     4410000     -16000    6.68288
630000     4415000     -16000    6.68288
630000     4420000     -16000    6.68288
630000     4425000     -16000    6.68287
630000     4430000     -16000    6.68287
630000     4435000     -16000    6.68289
630000     4440000     -16000    6.68289
630000     4445000     -16000    6.68288
630000     4450000     -16000    6.68287
630000     4455000     -16000    6.68288
630000     4460000     -16000    6.68288
630000     4465000     -16000    6.68288
630000     4470000     -16000    6.68288
630000     4475000     -16000    6.68288
630000     4480000     -16000    6.68288
630000     4360000     -17000    6.73026
630000     4365000     -17000    6.73026
630000     4370000     -17000    6.73026
630000     4375000     -17000    6.73026
630000     4380000     -17000    6.73026
630000     4385000     -17000    6.73026
630000     4390000     -17000    6.73026
630000     4395000     -17000    6.73026
630000     4400000     -17000    6.73026
630000     4405000     -17000    6.73026
630000     4410000     -17000    6.73026
630000     4415000     -17000    6.73026
630000     4420000     -17000    6.73026
630000     4425000     -17000    6.73026
630000     4430000     -17000    6.73025
630000     4435000     -17000    6.73026
630000     4440000     -17000    6.73026
630000     4445000     -17000    6.73026
630000     4450000     -17000    6.73026
630000     4455000     -17000    6.73026
630000     4460000     -17000    6.73026
630000     4465000     -17000    6.73026
630000     4470000     -17000    6.73026
630000     4475000     -17000    6.73026
630000     4480000     -17000    6.73026
630000     4360000     -18000    6.77764
630000     4365000     -18000    6.77764
630000     4370000     -18000    6.77764
630000     4375000     -18000    6.77764
630000     4380000     -18000    6.77764
630000     4385000     -18000    6.77764
630000     4390000     -18000    6.77764
630000     4395000     -18000    6.77764
630000     4400000     -18000    6.77764
630000     4405000     -18000    6.77764
630000     4410000     -18000    6.77764
630000     4415000     -18000    6.77764
630000     4420000     -18000    6.77764
630000     4425000     -18000    6.77764
630000     4430000     -18000    6.77764
630000     4435000     -18000    6.77764
630000     4440000     -18000    6.77764
630000     4445000     -18000    6.77764
630000     4450000     -18000    6.77764
630000     4455000     -18000    6.77764
630000     4460000     -18000    6.77764
630000     4465000     -18000    6.77764
630000     4470000     -18000    6.77764
630000     4475000     -18000    6.77764
630000     4480000     -18000    6.77764
630000     4360000     -19000    6.8309
630000     4365000     -19000    6.8309
630000     4370000     -19000    6.8309
630000     4375000     -19000    6.8309
630000     4380000     -19000    6.8309
630000     4385000     -19000    6.8309
630000     4390000     -19000    6.8309
630000     4395000     -19000    6.8309
630000     4400000     -19000    6.8309
630000     4405000     -19000    6.8309
630000     4410000     -19000    6.8309
630000     4415000     -19000    6.8309
630000     4420000     -19000    6.8309
630000     4425000     -19000    6.8309
630000     4430000     -19000    6.8309
630000     4435000     -19000    6.8309
630000     4440000     -19000    6.8309
630000     4445000     -19000    6.8309
630000     4450000     -19000    6.8309
630000     4455000     -19000    6.8309
630000     4460000     -19000    6.8309
630000     4465000     -19000    6.8309
630000     4470000     -19000    6.8309
630000     4475000     -19000    6.8309
630000     4480000     -19000    6.8309
630000     4360000     -20000    6.88719
630000     4365000     -20000    6.88719
630000     4370000     -20000    6.88719
630000     4375000     -20000    6.88719
630000     4380000     -20000    6.88719
630000     4385000     -20000    6.88719
630000     4390000     -20000    6.88719
630000     4395000     -20000    6.88719
630000     4400000     -20000    6.88719
630000     4405000     -20000    6.88719
630000     4410000     -20000    6.88719
630000     4415000     -20000    6.88719
630000     4420000     -20000    6.88719
630000     4425000     -20000    6.88719
630000     4430000     -20000    6.88719
630000     4435000     -20000    6.88719
630000     4440000     -20000    6.88719
630000     4445000     -20000    6.88719
630000     4450000     -20000    6.88719
630000     4455000     -20000    6.88719
630000     4460000     -20000    6.88719
630000     4465000     -20000    6.88719
630000     4470000     -20000    6.88719
630000     4475000     -20000    6.88719
630000     4480000     -20000    6.88719
630000     4360000     -21000    6.94347
630000     4365000     -21000    6.94347
630000     4370000     -21000    6.94347
630000     4375000     -21000    6.94347
630000     4380000     -21000    6.94347
630000     4385000     -21000    6.94347
630000     4390000     -21000    6.94347
630000     4395000     -21000    6.94347
630000     4400000     -21000    6.94347
630000     4405000     -21000    6.94347
630000     4410000     -21000    6.94347
630000     4415000     -21000    6.94347
630000     4420000     -21000    6.94347
630000     4425000     -21000    6.94347
630000     4430000     -21000    6.94347
630000     4435000     -21000    6.94347
630000     4440000     -21000    6.94347
630000     4445000     -21000    6.94347
630000     4450000     -21000    6.94347
630000     4455000     -21000    6.94347
630000     4460000     -21000    6.94347
630000     4465000     -21000    6.94347
630000     4470000     -21000    6.94347
630000     4475000     -21000    6.94347
630000     4480000     -21000    6.94347
630000     4360000     -22000    6.99976
630000     4365000     -22000    6.99976
630000     4370000     -22000    6.99976
630000     4375000     -22000    6.99976
630000     4380000     -22000    6.99976
630000     4385000     -22000    6.99976
630000     4390000     -22000    6.99976
630000     4395000     -22000    6.99976
630000     4400000     -22000    6.99976
630000     4405000     -22000    6.99976
630000     4410000     -22000    6.99976
630000     4415000     -22000    6.99976
630000     4420000     -22000    6.99976
630000     4425000     -22000    6.99976
630000     4430000     -22000    6.99976
630000     4435000     -22000    6.99976
630000     4440000     -22000    6.99976
630000     4445000     -22000    6.99976
630000     4450000     -22000    6.99976
630000     4455000     -22000    6.99976
630000     4460000     -22000    6.99976
630000     4465000     -22000    6.99976
630000     4470000     -22000    6.99976
630000     4475000     -22000    6.99976
630000     4480000     -22000    6.99976
630000     4360000     -23000    7.05604
630000     4365000     -23000    7.05604
630000     4370000     -23000    7.05604
630000     4375000     -23000    7.05604
630000     4380000     -23000    7.05604
630000     4385000     -23000    7.05604
630000     4390000     -23000    7.05604
630000     4395000     -23000    7.05604
630000     4400000     -23000    7.05604
630000     4405000     -23000    7.05604
630000     4410000     -23000    7.05604
630000     4415000     -23000    7.05604
630000     4420000     -23000    7.05604
630000     4425000     -23000    7.05604
630000     4430000     -23000    7.05604
630000     4435000     -23000    7.05604
630000     4440000     -23000    7.05604
630000     4445000     -23000    7.05604
630000     4450000     -23000    7.05604
630000     4455000     -23000    7.05604
630000     4460000     -23000    7.05604
630000     4465000     -23000    7.05604
630000     4470000     -23000    7.05604
630000     4475000     -23000    7.05604
630000     4480000     -23000    7.05604
630000     4360000     -24000    7.11233
630000     4365000     -24000    7.11233
630000     4370000     -24000    7.11233
630000     4375000     -24000    7.11233
630000     4380000     -24000    7.11233
630000     4385000     -24000    7.11233
630000     4390000     -24000    7.11233
630000     4395000     -24000    7.11233
630000     4400000     -24000    7.11233
630000     4405000     -24000    7.11233
630000     4410000     -24000    7.11233
630000     4415000     -24000    7.11233
630000     4420000     -24000    7.11233
630000     4425000     -24000    7.11233
630000     4430000     -24000    7.11233
630000     4435000     -24000    7.11233
630000     4440000     -24000    7.11233
630000     4445000     -24000    7.11233
630000     4450000     -24000    7.11233
630000     4455000     -24000    7.11233
630000     4460000     -24000    7.11233
630000     4465000     -24000    7.11233
630000     4470000     -24000    7.11233
630000     4475000     -24000    7.11233
630000     4480000     -24000    7.11233
