615000     4360000     2000    3.63636
615000     4360000     1000    3.91108
615000     4360000     0    4.18579
615000     4360000     -1000    4.78436
615000     4360000     -2000    4.97628
615000     4360000     -3000    5.19104
615000     4360000     -4000    5.45218
615000     4360000     -5000    5.72914
615000     4360000     -6000    6.03822
615000     4360000     -7000    6.26067
615000     4360000     -8000    6.30726
615000     4360000     -9000    6.35385
615000     4360000     -10000    6.40044
615000     4360000     -11000    6.44703
615000     4360000     -12000    6.49362
615000     4360000     -13000    6.54073
615000     4360000     -14000    6.58811
615000     4360000     -15000    6.6355
615000     4360000     -16000    6.68288
615000     4360000     -17000    6.73026
615000     4360000     -18000    6.77764
615000     4360000     -19000    6.8309
615000     4360000     -20000    6.88719
615000     4360000     -21000    6.94347
615000     4360000     -22000    6.99976
615000     4360000     -23000    7.05604
615000     4360000     -24000    7.11233
615000     4365000     2000    3.63636
615000     4365000     1000    3.91108
615000     4365000     0    4.18579
615000     4365000     -1000    4.78436
615000     4365000     -2000    4.97628
615000     4365000     -3000    5.19104
615000     4365000     -4000    5.45218
615000     4365000     -5000    5.72914
615000     4365000     -6000    6.03821
615000     4365000     -7000    6.26067
615000     4365000     -8000    6.30726
615000     4365000     -9000    6.35385
615000     4365000     -10000    6.40044
615000     4365000     -11000    6.44703
615000     4365000     -12000    6.49362
615000     4365000     -13000    6.54073
615000     4365000     -14000    6.58811
615000     4365000     -15000    6.6355
615000     4365000     -16000    6.68288
615000     4365000     -17000    6.73026
615000     4365000     -18000    6.77764
615000     4365000     -19000    6.8309
615000     4365000     -20000    6.88719
615000     4365000     -21000    6.94347
615000     4365000     -22000    6.99976
615000     4365000     -23000    7.05604
615000     4365000     -24000    7.11233
615000     4370000     2000    3.63636
615000     4370000     1000    3.91108
615000     4370000     0    4.1858
615000     4370000     -1000    4.78437
615000     4370000     -2000    4.97629
615000     4370000     -3000    5.19104
615000     4370000     -4000    5.45218
615000     4370000     -5000    5.72913
615000     4370000     -6000    6.0382
615000     4370000     -7000    6.26066
615000     4370000     -8000    6.30725
615000     4370000     -9000    6.35384
615000     4370000     -10000    6.40044
615000     4370000     -11000    6.44703
615000     4370000     -12000    6.49362
615000     4370000     -13000    6.54073
615000     4370000     -14000    6.58811
615000     4370000     -15000    6.6355
615000     4370000     -16000    6.68288
615000     4370000     -17000    6.73026
615000     4370000     -18000    6.77764
615000     4370000     -19000    6.8309
615000     4370000     -20000    6.88719
615000     4370000     -21000    6.94347
615000     4370000     -22000    6.99976
615000     4370000     -23000    7.05604
615000     4370000     -24000    7.11233
615000     4375000     2000    3.63636
615000     4375000     1000    3.9111
615000     4375000     0    4.18585
615000     4375000     -1000    4.78445
615000     4375000     -2000    4.97638
615000     4375000     -3000    5.19113
615000     4375000     -4000    5.45224
615000     4375000     -5000    5.72917
615000     4375000     -6000    6.03824
615000     4375000     -7000    6.2607
615000     4375000     -8000    6.30725
615000     4375000     -9000    6.35383
615000     4375000     -10000    6.40042
615000     4375000     -11000    6.44702
615000     4375000     -12000    6.49362
615000     4375000     -13000    6.54073
615000     4375000     -14000    6.58811
615000     4375000     -15000    6.6355
615000     4375000     -16000    6.68288
615000     4375000     -17000    6.73026
615000     4375000     -18000    6.77764
615000     4375000     -19000    6.8309
615000     4375000     -20000    6.88719
615000     4375000     -21000    6.94347
615000     4375000     -22000    6.99976
615000     4375000     -23000    7.05604
615000     4375000     -24000    7.11233
615000     4380000     2000    3.63638
615000     4380000     1000    3.91117
615000     4380000     0    4.18579
615000     4380000     -1000    4.78442
615000     4380000     -2000    4.97652
615000     4380000     -3000    5.19138
615000     4380000     -4000    5.45257
615000     4380000     -5000    5.72957
615000     4380000     -6000    6.03871
615000     4380000     -7000    6.26116
615000     4380000     -8000    6.30754
615000     4380000     -9000    6.35392
615000     4380000     -10000    6.40043
615000     4380000     -11000    6.44701
615000     4380000     -12000    6.49361
615000     4380000     -13000    6.54072
615000     4380000     -14000    6.58811
615000     4380000     -15000    6.6355
615000     4380000     -16000    6.68288
615000     4380000     -17000    6.73026
615000     4380000     -18000    6.77764
615000     4380000     -19000    6.8309
615000     4380000     -20000    6.88719
615000     4380000     -21000    6.94347
615000     4380000     -22000    6.99976
615000     4380000     -23000    7.05604
615000     4380000     -24000    7.11233
615000     4385000     2000    3.63647
615000     4385000     1000    3.91077
615000     4385000     0    4.1823
615000     4385000     -1000    4.77893
615000     4385000     -2000    4.97232
615000     4385000     -3000    5.18892
615000     4385000     -4000    5.45176
615000     4385000     -5000    5.72987
615000     4385000     -6000    6.03944
615000     4385000     -7000    6.26202
615000     4385000     -8000    6.30833
615000     4385000     -9000    6.35442
615000     4385000     -10000    6.40062
615000     4385000     -11000    6.44707
615000     4385000     -12000    6.49362
615000     4385000     -13000    6.54072
615000     4385000     -14000    6.5881
615000     4385000     -15000    6.63549
615000     4385000     -16000    6.68288
615000     4385000     -17000    6.73026
615000     4385000     -18000    6.77764
615000     4385000     -19000    6.8309
615000     4385000     -20000    6.88719
615000     4385000     -21000    6.94347
615000     4385000     -22000    6.99976
615000     4385000     -23000    7.05604
615000     4385000     -24000    7.11233
615000     4390000     2000    3.63642
615000     4390000     1000    3.9072
615000     4390000     0    4.15914
615000     4390000     -1000    4.74157
615000     4390000     -2000    4.94062
615000     4390000     -3000    5.16579
615000     4390000     -4000    5.43805
615000     4390000     -5000    5.72215
615000     4390000     -6000    6.03368
615000     4390000     -7000    6.25847
615000     4390000     -8000    6.30701
615000     4390000     -9000    6.35479
615000     4390000     -10000    6.40098
615000     4390000     -11000    6.44728
615000     4390000     -12000    6.49373
615000     4390000     -13000    6.54077
615000     4390000     -14000    6.58811
615000     4390000     -15000    6.63549
615000     4390000     -16000    6.68287
615000     4390000     -17000    6.73026
615000     4390000     -18000    6.77764
615000     4390000     -19000    6.8309
615000     4390000     -20000    6.88719
615000     4390000     -21000    6.94347
615000     4390000     -22000    6.99976
615000     4390000     -23000    7.05604
615000     4390000     -24000    7.11233
615000     4395000     2000    3.63646
615000     4395000     1000    3.90989
615000     4395000     0    4.17514
615000     4395000     -1000    4.76273
615000     4395000     -2000    4.95095
615000     4395000     -3000    5.16085
615000     4395000     -4000    5.43026
615000     4395000     -5000    5.71153
615000     4395000     -6000    6.0225
615000     4395000     -7000    6.25363
615000     4395000     -8000    6.30339
615000     4395000     -9000    6.35415
615000     4395000     -10000    6.4009
615000     4395000     -11000    6.44734
615000     4395000     -12000    6.49382
615000     4395000     -13000    6.54083
615000     4395000     -14000    6.58815
615000     4395000     -15000    6.6355
615000     4395000     -16000    6.68287
615000     4395000     -17000    6.73025
615000     4395000     -18000    6.77764
615000     4395000     -19000    6.8309
615000     4395000     -20000    6.88719
615000     4395000     -21000    6.94347
615000     4395000     -22000    6.99976
615000     4395000     -23000    7.05604
615000     4395000     -24000    7.11233
615000     4400000     2000    3.63645
615000     4400000     1000    3.91232
615000     4400000     0    4.18735
615000     4400000     -1000    4.78614
615000     4400000     -2000    4.97479
615000     4400000     -3000    5.1773
615000     4400000     -4000    5.45903
615000     4400000     -5000    5.72906
615000     4400000     -6000    6.01063
615000     4400000     -7000    6.26099
615000     4400000     -8000    6.30528
615000     4400000     -9000    6.35453
615000     4400000     -10000    6.40108
615000     4400000     -11000    6.44729
615000     4400000     -12000    6.49371
615000     4400000     -13000    6.54077
615000     4400000     -14000    6.58812
615000     4400000     -15000    6.63549
615000     4400000     -16000    6.68287
615000     4400000     -17000    6.73025
615000     4400000     -18000    6.77764
615000     4400000     -19000    6.8309
615000     4400000     -20000    6.88719
615000     4400000     -21000    6.94347
615000     4400000     -22000    6.99976
615000     4400000     -23000    7.05604
615000     4400000     -24000    7.11233
615000     4405000     2000    3.63725
615000     4405000     1000    3.91236
615000     4405000     0    4.18519
615000     4405000     -1000    4.78547
615000     4405000     -2000    4.9747
615000     4405000     -3000    5.1888
615000     4405000     -4000    5.45368
615000     4405000     -5000    5.70856
615000     4405000     -6000    6.00699
615000     4405000     -7000    6.25155
615000     4405000     -8000    6.30079
615000     4405000     -9000    6.35396
615000     4405000     -10000    6.40107
615000     4405000     -11000    6.44723
615000     4405000     -12000    6.49363
615000     4405000     -13000    6.54073
615000     4405000     -14000    6.58811
615000     4405000     -15000    6.63548
615000     4405000     -16000    6.68286
615000     4405000     -17000    6.73025
615000     4405000     -18000    6.77764
615000     4405000     -19000    6.8309
615000     4405000     -20000    6.88719
615000     4405000     -21000    6.94347
615000     4405000     -22000    6.99976
615000     4405000     -23000    7.05604
615000     4405000     -24000    7.11233
615000     4410000     2000    3.63862
615000     4410000     1000    3.88763
615000     4410000     0    4.12224
615000     4410000     -1000    4.7108
615000     4410000     -2000    4.92019
615000     4410000     -3000    5.14277
615000     4410000     -4000    5.40815
615000     4410000     -5000    5.70269
615000     4410000     -6000    6.02794
615000     4410000     -7000    6.25268
615000     4410000     -8000    6.30294
615000     4410000     -9000    6.35516
615000     4410000     -10000    6.40164
615000     4410000     -11000    6.44751
615000     4410000     -12000    6.49374
615000     4410000     -13000    6.54081
615000     4410000     -14000    6.58818
615000     4410000     -15000    6.63552
615000     4410000     -16000    6.68287
615000     4410000     -17000    6.73025
615000     4410000     -18000    6.77764
615000     4410000     -19000    6.8309
615000     4410000     -20000    6.88719
615000     4410000     -21000    6.94347
615000     4410000     -22000    6.99976
615000     4410000     -23000    7.05604
615000     4410000     -24000    7.11233
615000     4415000     2000    3.6272
615000     4415000     1000    3.83153
615000     4415000     0    4.05328
615000     4415000     -1000    4.63963
615000     4415000     -2000    4.87329
615000     4415000     -3000    5.12441
615000     4415000     -4000    5.41391
615000     4415000     -5000    5.71935
615000     4415000     -6000    6.03919
615000     4415000     -7000    6.25113
615000     4415000     -8000    6.30255
615000     4415000     -9000    6.35607
615000     4415000     -10000    6.40306
615000     4415000     -11000    6.44858
615000     4415000     -12000    6.49442
615000     4415000     -13000    6.54123
615000     4415000     -14000    6.58845
615000     4415000     -15000    6.63567
615000     4415000     -16000    6.68292
615000     4415000     -17000    6.73025
615000     4415000     -18000    6.77763
615000     4415000     -19000    6.8309
615000     4415000     -20000    6.88719
615000     4415000     -21000    6.94347
615000     4415000     -22000    6.99976
615000     4415000     -23000    7.05604
615000     4415000     -24000    7.11233
615000     4420000     2000    3.63696
615000     4420000     1000    3.8952
615000     4420000     0    4.14413
615000     4420000     -1000    4.69986
615000     4420000     -2000    4.85368
615000     4420000     -3000    5.00209
615000     4420000     -4000    5.20058
615000     4420000     -5000    5.47766
615000     4420000     -6000    5.83916
615000     4420000     -7000    6.13183
615000     4420000     -8000    6.24736
615000     4420000     -9000    6.3346
615000     4420000     -10000    6.39531
615000     4420000     -11000    6.44685
615000     4420000     -12000    6.49476
615000     4420000     -13000    6.54191
615000     4420000     -14000    6.58908
615000     4420000     -15000    6.63607
615000     4420000     -16000    6.6831
615000     4420000     -17000    6.73029
615000     4420000     -18000    6.77763
615000     4420000     -19000    6.83089
615000     4420000     -20000    6.88719
615000     4420000     -21000    6.94347
615000     4420000     -22000    6.99976
615000     4420000     -23000    7.05604
615000     4420000     -24000    7.11233
615000     4425000     2000    3.63667
615000     4425000     1000    3.91073
615000     4425000     0    4.18341
615000     4425000     -1000    4.77662
615000     4425000     -2000    4.96186
615000     4425000     -3000    5.16265
615000     4425000     -4000    5.38875
615000     4425000     -5000    5.58432
615000     4425000     -6000    5.79403
615000     4425000     -7000    5.99757
615000     4425000     -8000    6.09079
615000     4425000     -9000    6.22165
615000     4425000     -10000    6.33537
615000     4425000     -11000    6.42204
615000     4425000     -12000    6.48526
615000     4425000     -13000    6.53803
615000     4425000     -14000    6.58817
615000     4425000     -15000    6.63607
615000     4425000     -16000    6.68338
615000     4425000     -17000    6.73043
615000     4425000     -18000    6.77765
615000     4425000     -19000    6.83089
615000     4425000     -20000    6.88718
615000     4425000     -21000    6.94347
615000     4425000     -22000    6.99976
615000     4425000     -23000    7.05604
615000     4425000     -24000    7.11233
615000     4430000     2000    3.63638
615000     4430000     1000    3.91133
615000     4430000     0    4.18629
615000     4430000     -1000    4.78496
615000     4430000     -2000    4.97667
615000     4430000     -3000    5.19119
615000     4430000     -4000    5.44958
615000     4430000     -5000    5.71119
615000     4430000     -6000    5.96507
615000     4430000     -7000    6.14803
615000     4430000     -8000    6.19693
615000     4430000     -9000    6.19798
615000     4430000     -10000    6.26142
615000     4430000     -11000    6.34937
615000     4430000     -12000    6.43314
615000     4430000     -13000    6.51383
615000     4430000     -14000    6.58034
615000     4430000     -15000    6.63456
615000     4430000     -16000    6.68369
615000     4430000     -17000    6.73067
615000     4430000     -18000    6.7777
615000     4430000     -19000    6.83089
615000     4430000     -20000    6.88718
615000     4430000     -21000    6.94347
615000     4430000     -22000    6.99976
615000     4430000     -23000    7.05604
615000     4430000     -24000    7.11233
615000     4435000     2000    3.63636
615000     4435000     1000    3.9111
615000     4435000     0    4.18588
615000     4435000     -1000    4.78454
615000     4435000     -2000    4.97653
615000     4435000     -3000    5.19165
615000     4435000     -4000    5.45382
615000     4435000     -5000    5.73184
615000     4435000     -6000    6.03018
615000     4435000     -7000    6.21194
615000     4435000     -8000    6.29248
615000     4435000     -9000    6.32411
615000     4435000     -10000    6.33017
615000     4435000     -11000    6.36769
615000     4435000     -12000    6.43399
615000     4435000     -13000    6.48611
615000     4435000     -14000    6.5459
615000     4435000     -15000    6.62169
615000     4435000     -16000    6.68119
615000     4435000     -17000    6.7307
615000     4435000     -18000    6.7778
615000     4435000     -19000    6.83091
615000     4435000     -20000    6.88718
615000     4435000     -21000    6.94347
615000     4435000     -22000    6.99976
615000     4435000     -23000    7.05604
615000     4435000     -24000    7.11233
615000     4440000     2000    3.63636
615000     4440000     1000    3.91107
615000     4440000     0    4.18578
615000     4440000     -1000    4.78435
615000     4440000     -2000    4.97627
615000     4440000     -3000    5.19112
615000     4440000     -4000    5.45281
615000     4440000     -5000    5.73136
615000     4440000     -6000    6.03822
615000     4440000     -7000    6.24306
615000     4440000     -8000    6.31235
615000     4440000     -9000    6.35598
615000     4440000     -10000    6.39415
615000     4440000     -11000    6.42663
615000     4440000     -12000    6.46673
615000     4440000     -13000    6.53391
615000     4440000     -14000    6.5666
615000     4440000     -15000    6.61736
615000     4440000     -16000    6.67688
615000     4440000     -17000    6.73012
615000     4440000     -18000    6.77782
615000     4440000     -19000    6.83093
615000     4440000     -20000    6.88719
615000     4440000     -21000    6.94347
615000     4440000     -22000    6.99976
615000     4440000     -23000    7.05604
615000     4440000     -24000    7.11233
615000     4445000     2000    3.63636
615000     4445000     1000    3.91107
615000     4445000     0    4.18579
615000     4445000     -1000    4.78435
615000     4445000     -2000    4.97629
615000     4445000     -3000    5.19111
615000     4445000     -4000    5.45254
615000     4445000     -5000    5.73044
615000     4445000     -6000    6.03992
615000     4445000     -7000    6.25958
615000     4445000     -8000    6.30945
615000     4445000     -9000    6.35524
615000     4445000     -10000    6.40184
615000     4445000     -11000    6.44618
615000     4445000     -12000    6.48952
615000     4445000     -13000    6.54067
615000     4445000     -14000    6.58527
615000     4445000     -15000    6.63272
615000     4445000     -16000    6.68264
615000     4445000     -17000    6.73068
615000     4445000     -18000    6.77777
615000     4445000     -19000    6.83091
615000     4445000     -20000    6.88718
615000     4445000     -21000    6.94347
615000     4445000     -22000    6.99976
615000     4445000     -23000    7.05604
615000     4445000     -24000    7.11233
615000     4450000     2000    3.63636
615000     4450000     1000    3.91108
615000     4450000     0    4.1858
615000     4450000     -1000    4.78437
615000     4450000     -2000    4.9763
615000     4450000     -3000    5.19108
615000     4450000     -4000    5.45232
615000     4450000     -5000    5.72966
615000     4450000     -6000    6.03941
615000     4450000     -7000    6.26186
615000     4450000     -8000    6.30795
615000     4450000     -9000    6.35432
615000     4450000     -10000    6.40143
615000     4450000     -11000    6.4483
615000     4450000     -12000    6.49443
615000     4450000     -13000    6.54141
615000     4450000     -14000    6.58848
615000     4450000     -15000    6.63583
615000     4450000     -16000    6.68327
615000     4450000     -17000    6.73043
615000     4450000     -18000    6.77766
615000     4450000     -19000    6.83089
615000     4450000     -20000    6.88718
615000     4450000     -21000    6.94347
615000     4450000     -22000    6.99976
615000     4450000     -23000    7.05604
615000     4450000     -24000    7.11233
615000     4455000     2000    3.63636
615000     4455000     1000    3.91107
615000     4455000     0    4.18579
615000     4455000     -1000    4.78435
615000     4455000     -2000    4.97627
615000     4455000     -3000    5.19103
615000     4455000     -4000    5.45217
615000     4455000     -5000    5.72919
615000     4455000     -6000    6.03844
615000     4455000     -7000    6.26098
615000     4455000     -8000    6.30733
615000     4455000     -9000    6.3539
615000     4455000     -10000    6.40061
615000     4455000     -11000    6.44735
615000     4455000     -12000    6.49393
615000     4455000     -13000    6.54089
615000     4455000     -14000    6.58827
615000     4455000     -15000    6.63564
615000     4455000     -16000    6.68297
615000     4455000     -17000    6.73027
615000     4455000     -18000    6.77764
615000     4455000     -19000    6.8309
615000     4455000     -20000    6.88719
615000     4455000     -21000    6.94347
615000     4455000     -22000    6.99976
615000     4455000     -23000    7.05604
615000     4455000     -24000    7.11233
615000     4460000     2000    3.63636
615000     4460000     1000    3.91107
615000     4460000     0    4.18579
615000     4460000     -1000    4.78435
615000     4460000     -2000    4.97627
615000     4460000     -3000    5.19103
615000     4460000     -4000    5.45216
615000     4460000     -5000    5.7291
615000     4460000     -6000    6.0382
615000     4460000     -7000    6.26068
615000     4460000     -8000    6.30724
615000     4460000     -9000    6.35383
615000     4460000     -10000    6.40043
615000     4460000     -11000    6.44704
615000     4460000     -12000    6.49364
615000     4460000     -13000    6.54073
615000     4460000     -14000    6.58812
615000     4460000     -15000    6.63551
615000     4460000     -16000    6.68288
615000     4460000     -17000    6.73025
615000     4460000     -18000    6.77764
615000     4460000     -19000    6.8309
615000     4460000     -20000    6.88719
615000     4460000     -21000    6.94347
615000     4460000     -22000    6.99976
615000     4460000     -23000    7.05604
615000     4460000     -24000    7.11233
615000     4465000     2000    3.63636
615000     4465000     1000    3.91108
615000     4465000     0    4.18579
615000     4465000     -1000    4.78435
615000     4465000     -2000    4.97628
615000     4465000     -3000    5.19104
615000     4465000     -4000    5.45217
615000     4465000     -5000    5.72913
615000     4465000     -6000    6.0382
615000     4465000     -7000    6.26066
615000     4465000     -8000    6.30726
615000     4465000     -9000    6.35385
615000     4465000     -10000    6.40043
615000     4465000     -11000    6.44702
615000     4465000     -12000    6.49361
615000     4465000     -13000    6.54073
615000     4465000     -14000    6.58811
615000     4465000     -15000    6.63549
615000     4465000     -16000    6.68288
615000     4465000     -17000    6.73026
615000     4465000     -18000    6.77764
615000     4465000     -19000    6.8309
615000     4465000     -20000    6.88719
615000     4465000     -21000    6.94347
615000     4465000     -22000    6.99976
615000     4465000     -23000    7.05604
615000     4465000     -24000    7.11233
615000     4470000     2000    3.63636
615000     4470000     1000    3.91108
615000     4470000     0    4.18579
615000     4470000     -1000    4.78436
615000     4470000     -2000    4.97628
615000     4470000     -3000    5.19104
615000     4470000     -4000    5.45218
615000     4470000     -5000    5.72914
615000     4470000     -6000    6.03822
615000     4470000     -7000    6.26067
615000     4470000     -8000    6.30726
615000     4470000     -9000    6.35385
615000     4470000     -10000    6.40044
615000     4470000     -11000    6.44703
615000     4470000     -12000    6.49362
615000     4470000     -13000    6.54073
615000     4470000     -14000    6.58811
615000     4470000     -15000    6.6355
615000     4470000     -16000    6.68288
615000     4470000     -17000    6.73026
615000     4470000     -18000    6.77764
615000     4470000     -19000    6.8309
615000     4470000     -20000    6.88719
615000     4470000     -21000    6.94347
615000     4470000     -22000    6.99976
615000     4470000     -23000    7.05604
615000     4470000     -24000    7.11233
615000     4475000     2000    3.63636
615000     4475000     1000    3.91108
615000     4475000     0    4.18579
615000     4475000     -1000    4.78436
615000     4475000     -2000    4.97628
615000     4475000     -3000    5.19104
615000     4475000     -4000    5.45218
615000     4475000     -5000    5.72914
615000     4475000     -6000    6.03822
615000     4475000     -7000    6.26067
615000     4475000     -8000    6.30726
615000     4475000     -9000    6.35385
615000     4475000     -10000    6.40044
615000     4475000     -11000    6.44703
615000     4475000     -12000    6.49362
615000     4475000     -13000    6.54073
615000     4475000     -14000    6.58811
615000     4475000     -15000    6.6355
615000     4475000     -16000    6.68288
615000     4475000     -17000    6.73026
615000     4475000     -18000    6.77764
615000     4475000     -19000    6.8309
615000     4475000     -20000    6.88719
615000     4475000     -21000    6.94347
615000     4475000     -22000    6.99976
615000     4475000     -23000    7.05604
615000     4475000     -24000    7.11233
615000     4480000     2000    3.63636
615000     4480000     1000    3.91108
615000     4480000     0    4.18579
615000     4480000     -1000    4.78436
615000     4480000     -2000    4.97628
615000     4480000     -3000    5.19104
615000     4480000     -4000    5.45218
615000     4480000     -5000    5.72914
615000     4480000     -6000    6.03822
615000     4480000     -7000    6.26067
615000     4480000     -8000    6.30726
615000     4480000     -9000    6.35385
615000     4480000     -10000    6.40044
615000     4480000     -11000    6.44703
615000     4480000     -12000    6.49362
615000     4480000     -13000    6.54073
615000     4480000     -14000    6.58811
615000     4480000     -15000    6.6355
615000     4480000     -16000    6.68288
615000     4480000     -17000    6.73026
615000     4480000     -18000    6.77764
615000     4480000     -19000    6.8309
615000     4480000     -20000    6.88719
615000     4480000     -21000    6.94347
615000     4480000     -22000    6.99976
615000     4480000     -23000    7.05604
615000     4480000     -24000    7.11233
