595000     4360000     2000    3.63636
595000     4360000     1000    3.91106
595000     4360000     0    4.18576
595000     4360000     -1000    4.7843
595000     4360000     -2000    4.97622
595000     4360000     -3000    5.19098
595000     4360000     -4000    5.45212
595000     4360000     -5000    5.72908
595000     4360000     -6000    6.03817
595000     4360000     -7000    6.26064
595000     4360000     -8000    6.30725
595000     4360000     -9000    6.35385
595000     4360000     -10000    6.40044
595000     4360000     -11000    6.44703
595000     4360000     -12000    6.49362
595000     4360000     -13000    6.54073
595000     4360000     -14000    6.58811
595000     4360000     -15000    6.6355
595000     4360000     -16000    6.68288
595000     4360000     -17000    6.73026
595000     4360000     -18000    6.77764
595000     4360000     -19000    6.8309
595000     4360000     -20000    6.88719
595000     4360000     -21000    6.94347
595000     4360000     -22000    6.99976
595000     4360000     -23000    7.05604
595000     4360000     -24000    7.11233
595000     4365000     2000    3.63634
595000     4365000     1000    3.91117
595000     4365000     0    4.18606
595000     4365000     -1000    4.78474
595000     4365000     -2000    4.97659
595000     4365000     -3000    5.19124
595000     4365000     -4000    5.45232
595000     4365000     -5000    5.72927
595000     4365000     -6000    6.03835
595000     4365000     -7000    6.26074
595000     4365000     -8000    6.30724
595000     4365000     -9000    6.3538
595000     4365000     -10000    6.40042
595000     4365000     -11000    6.44702
595000     4365000     -12000    6.49362
595000     4365000     -13000    6.54073
595000     4365000     -14000    6.58811
595000     4365000     -15000    6.6355
595000     4365000     -16000    6.68288
595000     4365000     -17000    6.73026
595000     4365000     -18000    6.77764
595000     4365000     -19000    6.8309
595000     4365000     -20000    6.88719
595000     4365000     -21000    6.94347
595000     4365000     -22000    6.99976
595000     4365000     -23000    7.05604
595000     4365000     -24000    7.11233
595000     4370000     2000    3.63637
595000     4370000     1000    3.91158
595000     4370000     0    4.18688
595000     4370000     -1000    4.78615
595000     4370000     -2000    4.97817
595000     4370000     -3000    5.19286
595000     4370000     -4000    5.45396
595000     4370000     -5000    5.73098
595000     4370000     -6000    6.03982
595000     4370000     -7000    6.26182
595000     4370000     -8000    6.30781
595000     4370000     -9000    6.35391
595000     4370000     -10000    6.40038
595000     4370000     -11000    6.44699
595000     4370000     -12000    6.4936
595000     4370000     -13000    6.54073
595000     4370000     -14000    6.58811
595000     4370000     -15000    6.6355
595000     4370000     -16000    6.68288
595000     4370000     -17000    6.73026
595000     4370000     -18000    6.77764
595000     4370000     -19000    6.8309
595000     4370000     -20000    6.88719
595000     4370000     -21000    6.94347
595000     4370000     -22000    6.99976
595000     4370000     -23000    7.05604
595000     4370000     -24000    7.11233
595000     4375000     2000    3.6365
595000     4375000     1000    3.91167
595000     4375000     0    4.18642
595000     4375000     -1000    4.78621
595000     4375000     -2000    4.97929
595000     4375000     -3000    5.19487
595000     4375000     -4000    5.45625
595000     4375000     -5000    5.7331
595000     4375000     -6000    6.03962
595000     4375000     -7000    6.26154
595000     4375000     -8000    6.31016
595000     4375000     -9000    6.35527
595000     4375000     -10000    6.40072
595000     4375000     -11000    6.44703
595000     4375000     -12000    6.4936
595000     4375000     -13000    6.54073
595000     4375000     -14000    6.58812
595000     4375000     -15000    6.6355
595000     4375000     -16000    6.68287
595000     4375000     -17000    6.73025
595000     4375000     -18000    6.77763
595000     4375000     -19000    6.8309
595000     4375000     -20000    6.88719
595000     4375000     -21000    6.94347
595000     4375000     -22000    6.99976
595000     4375000     -23000    7.05604
595000     4375000     -24000    7.11233
595000     4380000     2000    3.63642
595000     4380000     1000    3.91182
595000     4380000     0    4.18717
595000     4380000     -1000    4.7867
595000     4380000     -2000    4.97854
595000     4380000     -3000    5.19106
595000     4380000     -4000    5.44621
595000     4380000     -5000    5.71261
595000     4380000     -6000    5.9956
595000     4380000     -7000    6.21369
595000     4380000     -8000    6.3024
595000     4380000     -9000    6.35806
595000     4380000     -10000    6.40267
595000     4380000     -11000    6.44781
595000     4380000     -12000    6.49395
595000     4380000     -13000    6.54094
595000     4380000     -14000    6.58827
595000     4380000     -15000    6.63561
595000     4380000     -16000    6.68294
595000     4380000     -17000    6.73028
595000     4380000     -18000    6.77763
595000     4380000     -19000    6.83088
595000     4380000     -20000    6.88718
595000     4380000     -21000    6.94347
595000     4380000     -22000    6.99976
595000     4380000     -23000    7.05604
595000     4380000     -24000    7.11233
595000     4385000     2000    3.63634
595000     4385000     1000    3.91138
595000     4385000     0    4.18667
595000     4385000     -1000    4.78637
595000     4385000     -2000    4.97968
595000     4385000     -3000    5.19585
595000     4385000     -4000    5.45343
595000     4385000     -5000    5.70346
595000     4385000     -6000    5.91439
595000     4385000     -7000    6.0173
595000     4385000     -8000    6.22238
595000     4385000     -9000    6.34449
595000     4385000     -10000    6.40334
595000     4385000     -11000    6.44962
595000     4385000     -12000    6.49497
595000     4385000     -13000    6.5413
595000     4385000     -14000    6.58848
595000     4385000     -15000    6.63599
595000     4385000     -16000    6.68334
595000     4385000     -17000    6.73052
595000     4385000     -18000    6.77772
595000     4385000     -19000    6.83089
595000     4385000     -20000    6.88717
595000     4385000     -21000    6.94346
595000     4385000     -22000    6.99976
595000     4385000     -23000    7.05604
595000     4385000     -24000    7.11233
595000     4390000     2000    3.63634
595000     4390000     1000    3.91106
595000     4390000     0    4.18584
595000     4390000     -1000    4.78463
595000     4390000     -2000    4.97716
595000     4390000     -3000    5.19366
595000     4390000     -4000    5.45721
595000     4390000     -5000    5.71808
595000     4390000     -6000    5.90958
595000     4390000     -7000    5.96744
595000     4390000     -8000    6.11487
595000     4390000     -9000    6.28032
595000     4390000     -10000    6.38093
595000     4390000     -11000    6.44302
595000     4390000     -12000    6.48785
595000     4390000     -13000    6.53176
595000     4390000     -14000    6.58053
595000     4390000     -15000    6.6326
595000     4390000     -16000    6.68296
595000     4390000     -17000    6.73099
595000     4390000     -18000    6.77816
595000     4390000     -19000    6.83108
595000     4390000     -20000    6.8872
595000     4390000     -21000    6.94345
595000     4390000     -22000    6.99975
595000     4390000     -23000    7.05604
595000     4390000     -24000    7.11233
595000     4395000     2000    3.63633
595000     4395000     1000    3.91103
595000     4395000     0    4.18577
595000     4395000     -1000    4.7844
595000     4395000     -2000    4.9764
595000     4395000     -3000    5.19176
595000     4395000     -4000    5.45567
595000     4395000     -5000    5.72334
595000     4395000     -6000    5.91663
595000     4395000     -7000    5.94836
595000     4395000     -8000    6.06052
595000     4395000     -9000    6.21799
595000     4395000     -10000    6.31424
595000     4395000     -11000    6.40667
595000     4395000     -12000    6.43093
595000     4395000     -13000    6.45949
595000     4395000     -14000    6.52076
595000     4395000     -15000    6.60222
595000     4395000     -16000    6.67288
595000     4395000     -17000    6.72879
595000     4395000     -18000    6.77844
595000     4395000     -19000    6.83157
595000     4395000     -20000    6.88744
595000     4395000     -21000    6.94351
595000     4395000     -22000    6.99975
595000     4395000     -23000    7.05604
595000     4395000     -24000    7.11233
595000     4400000     2000    3.6363
595000     4400000     1000    3.91203
595000     4400000     0    4.18796
595000     4400000     -1000    4.78778
595000     4400000     -2000    4.97843
595000     4400000     -3000    5.1905
595000     4400000     -4000    5.45331
595000     4400000     -5000    5.70725
595000     4400000     -6000    5.89881
595000     4400000     -7000    6.00367
595000     4400000     -8000    6.12541
595000     4400000     -9000    6.2023
595000     4400000     -10000    6.27222
595000     4400000     -11000    6.40808
595000     4400000     -12000    6.45029
595000     4400000     -13000    6.48374
595000     4400000     -14000    6.54267
595000     4400000     -15000    6.60933
595000     4400000     -16000    6.67171
595000     4400000     -17000    6.72669
595000     4400000     -18000    6.77767
595000     4400000     -19000    6.83158
595000     4400000     -20000    6.88763
595000     4400000     -21000    6.94361
595000     4400000     -22000    6.99978
595000     4400000     -23000    7.05604
595000     4400000     -24000    7.11233
595000     4405000     2000    3.63705
595000     4405000     1000    3.91465
595000     4405000     0    4.1936
595000     4405000     -1000    4.79399
595000     4405000     -2000    4.98212
595000     4405000     -3000    5.1928
595000     4405000     -4000    5.4762
595000     4405000     -5000    5.70431
595000     4405000     -6000    5.91059
595000     4405000     -7000    6.14165
595000     4405000     -8000    6.20534
595000     4405000     -9000    6.18891
595000     4405000     -10000    6.26781
595000     4405000     -11000    6.39032
595000     4405000     -12000    6.45267
595000     4405000     -13000    6.48088
595000     4405000     -14000    6.55121
595000     4405000     -15000    6.62412
595000     4405000     -16000    6.68074
595000     4405000     -17000    6.73061
595000     4405000     -18000    6.7786
595000     4405000     -19000    6.83153
595000     4405000     -20000    6.88742
595000     4405000     -21000    6.94351
595000     4405000     -22000    6.99976
595000     4405000     -23000    7.05604
595000     4405000     -24000    7.11233
595000     4410000     2000    3.64056
595000     4410000     1000    3.88672
595000     4410000     0    4.14867
595000     4410000     -1000    4.71221
595000     4410000     -2000    4.96577
595000     4410000     -3000    5.27619
595000     4410000     -4000    5.67684
595000     4410000     -5000    5.8641
595000     4410000     -6000    5.64518
595000     4410000     -7000    5.89828
595000     4410000     -8000    6.25081
595000     4410000     -9000    6.24823
595000     4410000     -10000    6.28995
595000     4410000     -11000    6.3992
595000     4410000     -12000    6.45611
595000     4410000     -13000    6.47098
595000     4410000     -14000    6.53307
595000     4410000     -15000    6.61942
595000     4410000     -16000    6.68127
595000     4410000     -17000    6.7308
595000     4410000     -18000    6.77819
595000     4410000     -19000    6.83109
595000     4410000     -20000    6.88715
595000     4410000     -21000    6.94341
595000     4410000     -22000    6.99974
595000     4410000     -23000    7.05605
595000     4410000     -24000    7.11233
595000     4415000     2000    3.58562
595000     4415000     1000    3.6771
595000     4415000     0    3.86379
595000     4415000     -1000    4.42495
595000     4415000     -2000    4.7697
595000     4415000     -3000    4.8677
595000     4415000     -4000    5.09805
595000     4415000     -5000    5.39709
595000     4415000     -6000    5.3062
595000     4415000     -7000    6.70361
595000     4415000     -8000    6.66972
595000     4415000     -9000    6.2252
595000     4415000     -10000    6.24372
595000     4415000     -11000    6.37051
595000     4415000     -12000    6.45971
595000     4415000     -13000    6.49771
595000     4415000     -14000    6.54575
595000     4415000     -15000    6.62508
595000     4415000     -16000    6.6833
595000     4415000     -17000    6.73172
595000     4415000     -18000    6.77838
595000     4415000     -19000    6.83118
595000     4415000     -20000    6.88724
595000     4415000     -21000    6.94346
595000     4415000     -22000    6.99976
595000     4415000     -23000    7.05605
595000     4415000     -24000    7.11233
595000     4420000     2000    3.61984
595000     4420000     1000    3.78942
595000     4420000     0    4.00658
595000     4420000     -1000    4.58677
595000     4420000     -2000    5.16853
595000     4420000     -3000    5.202
595000     4420000     -4000    5.34182
595000     4420000     -5000    5.72229
595000     4420000     -6000    5.81568
595000     4420000     -7000    6.62579
595000     4420000     -8000    6.4308
595000     4420000     -9000    6.3155
595000     4420000     -10000    6.32314
595000     4420000     -11000    6.35283
595000     4420000     -12000    6.36152
595000     4420000     -13000    6.40149
595000     4420000     -14000    6.48052
595000     4420000     -15000    6.58802
595000     4420000     -16000    6.67066
595000     4420000     -17000    6.72902
595000     4420000     -18000    6.77873
595000     4420000     -19000    6.83194
595000     4420000     -20000    6.88777
595000     4420000     -21000    6.94366
595000     4420000     -22000    6.99978
595000     4420000     -23000    7.05604
595000     4420000     -24000    7.11233
595000     4425000     2000    3.63879
595000     4425000     1000    3.8995
595000     4425000     0    4.16813
595000     4425000     -1000    4.7741
595000     4425000     -2000    5.02892
595000     4425000     -3000    5.222
595000     4425000     -4000    5.51461
595000     4425000     -5000    5.85191
595000     4425000     -6000    6.05149
595000     4425000     -7000    6.15949
595000     4425000     -8000    6.1952
595000     4425000     -9000    6.45601
595000     4425000     -10000    6.60633
595000     4425000     -11000    6.56255
595000     4425000     -12000    6.46877
595000     4425000     -13000    6.43708
595000     4425000     -14000    6.45812
595000     4425000     -15000    6.53537
595000     4425000     -16000    6.63843
595000     4425000     -17000    6.71028
595000     4425000     -18000    6.77226
595000     4425000     -19000    6.831
595000     4425000     -20000    6.88786
595000     4425000     -21000    6.94383
595000     4425000     -22000    6.99983
595000     4425000     -23000    7.05604
595000     4425000     -24000    7.11233
595000     4430000     2000    3.63675
595000     4430000     1000    3.91302
595000     4430000     0    4.1897
595000     4430000     -1000    4.79051
595000     4430000     -2000    4.98571
595000     4430000     -3000    5.19319
595000     4430000     -4000    5.43968
595000     4430000     -5000    5.66985
595000     4430000     -6000    5.85079
595000     4430000     -7000    5.95963
595000     4430000     -8000    6.14224
595000     4430000     -9000    6.28156
595000     4430000     -10000    6.34958
595000     4430000     -11000    6.45688
595000     4430000     -12000    6.50578
595000     4430000     -13000    6.56433
595000     4430000     -14000    6.59003
595000     4430000     -15000    6.61427
595000     4430000     -16000    6.69559
595000     4430000     -17000    6.73199
595000     4430000     -18000    6.77804
595000     4430000     -19000    6.83166
595000     4430000     -20000    6.88771
595000     4430000     -21000    6.94373
595000     4430000     -22000    6.9998
595000     4430000     -23000    7.05604
595000     4430000     -24000    7.11233
595000     4435000     2000    3.63634
595000     4435000     1000    3.91172
595000     4435000     0    4.18731
595000     4435000     -1000    4.78707
595000     4435000     -2000    4.9797
595000     4435000     -3000    5.19408
595000     4435000     -4000    5.44344
595000     4435000     -5000    5.65999
595000     4435000     -6000    5.77838
595000     4435000     -7000    5.91649
595000     4435000     -8000    6.26112
595000     4435000     -9000    6.22593
595000     4435000     -10000    6.29842
595000     4435000     -11000    6.42926
595000     4435000     -12000    6.58916
595000     4435000     -13000    6.68978
595000     4435000     -14000    6.64219
595000     4435000     -15000    6.64596
595000     4435000     -16000    6.69328
595000     4435000     -17000    6.73462
595000     4435000     -18000    6.77945
595000     4435000     -19000    6.83181
595000     4435000     -20000    6.88761
595000     4435000     -21000    6.94361
595000     4435000     -22000    6.99977
595000     4435000     -23000    7.05604
595000     4435000     -24000    7.11233
595000     4440000     2000    3.63645
595000     4440000     1000    3.91143
595000     4440000     0    4.18599
595000     4440000     -1000    4.78252
595000     4440000     -2000    4.96895
595000     4440000     -3000    5.17479
595000     4440000     -4000    5.40786
595000     4440000     -5000    5.60888
595000     4440000     -6000    5.79801
595000     4440000     -7000    6.0592
595000     4440000     -8000    6.37041
595000     4440000     -9000    6.48713
595000     4440000     -10000    6.39297
595000     4440000     -11000    6.46215
595000     4440000     -12000    6.56155
595000     4440000     -13000    6.73291
595000     4440000     -14000    6.62441
595000     4440000     -15000    6.63251
595000     4440000     -16000    6.68248
595000     4440000     -17000    6.73136
595000     4440000     -18000    6.77853
595000     4440000     -19000    6.83143
595000     4440000     -20000    6.88732
595000     4440000     -21000    6.94354
595000     4440000     -22000    6.99978
595000     4440000     -23000    7.05605
595000     4440000     -24000    7.11233
595000     4445000     2000    3.63689
595000     4445000     1000    3.90783
595000     4445000     0    4.17281
595000     4445000     -1000    4.74521
595000     4445000     -2000    4.89644
595000     4445000     -3000    5.05908
595000     4445000     -4000    5.26608
595000     4445000     -5000    5.51296
595000     4445000     -6000    5.84081
595000     4445000     -7000    6.14635
595000     4445000     -8000    6.28641
595000     4445000     -9000    6.38306
595000     4445000     -10000    6.38984
595000     4445000     -11000    6.43569
595000     4445000     -12000    6.45061
595000     4445000     -13000    6.48919
595000     4445000     -14000    6.54109
595000     4445000     -15000    6.62089
595000     4445000     -16000    6.682
595000     4445000     -17000    6.73066
595000     4445000     -18000    6.77785
595000     4445000     -19000    6.83108
595000     4445000     -20000    6.88727
595000     4445000     -21000    6.94352
595000     4445000     -22000    6.99977
595000     4445000     -23000    7.05604
595000     4445000     -24000    7.11233
595000     4450000     2000    3.63516
595000     4450000     1000    3.88456
595000     4450000     0    4.11744
595000     4450000     -1000    4.67377
595000     4450000     -2000    4.84933
595000     4450000     -3000    5.06266
595000     4450000     -4000    5.34304
595000     4450000     -5000    5.65221
595000     4450000     -6000    5.99425
595000     4450000     -7000    6.24127
595000     4450000     -8000    6.30157
595000     4450000     -9000    6.35744
595000     4450000     -10000    6.3944
595000     4450000     -11000    6.42915
595000     4450000     -12000    6.46303
595000     4450000     -13000    6.50867
595000     4450000     -14000    6.57471
595000     4450000     -15000    6.63373
595000     4450000     -16000    6.68337
595000     4450000     -17000    6.73043
595000     4450000     -18000    6.77762
595000     4450000     -19000    6.8309
595000     4450000     -20000    6.88721
595000     4450000     -21000    6.94348
595000     4450000     -22000    6.99976
595000     4450000     -23000    7.05604
595000     4450000     -24000    7.11233
595000     4455000     2000    3.63676
595000     4455000     1000    3.90706
595000     4455000     0    4.17653
595000     4455000     -1000    4.77074
595000     4455000     -2000    4.9611
595000     4455000     -3000    5.17642
595000     4455000     -4000    5.44152
595000     4455000     -5000    5.7241
595000     4455000     -6000    6.03791
595000     4455000     -7000    6.26211
595000     4455000     -8000    6.30828
595000     4455000     -9000    6.35517
595000     4455000     -10000    6.40126
595000     4455000     -11000    6.44669
595000     4455000     -12000    6.49148
595000     4455000     -13000    6.53785
595000     4455000     -14000    6.58769
595000     4455000     -15000    6.63598
595000     4455000     -16000    6.68313
595000     4455000     -17000    6.73028
595000     4455000     -18000    6.77761
595000     4455000     -19000    6.83088
595000     4455000     -20000    6.88718
595000     4455000     -21000    6.94347
595000     4455000     -22000    6.99976
595000     4455000     -23000    7.05604
595000     4455000     -24000    7.11233
595000     4460000     2000    3.63646
595000     4460000     1000    3.91121
595000     4460000     0    4.18607
595000     4460000     -1000    4.78495
595000     4460000     -2000    4.97685
595000     4460000     -3000    5.19162
595000     4460000     -4000    5.45302
595000     4460000     -5000    5.73028
595000     4460000     -6000    6.03942
595000     4460000     -7000    6.26156
595000     4460000     -8000    6.30769
595000     4460000     -9000    6.35416
595000     4460000     -10000    6.40095
595000     4460000     -11000    6.44768
595000     4460000     -12000    6.49415
595000     4460000     -13000    6.541
595000     4460000     -14000    6.58839
595000     4460000     -15000    6.63565
595000     4460000     -16000    6.6829
595000     4460000     -17000    6.73025
595000     4460000     -18000    6.77763
595000     4460000     -19000    6.8309
595000     4460000     -20000    6.88718
595000     4460000     -21000    6.94347
595000     4460000     -22000    6.99976
595000     4460000     -23000    7.05604
595000     4460000     -24000    7.11233
595000     4465000     2000    3.63636
595000     4465000     1000    3.91118
595000     4465000     0    4.18601
595000     4465000     -1000    4.78469
595000     4465000     -2000    4.97662
595000     4465000     -3000    5.19136
595000     4465000     -4000    5.45248
595000     4465000     -5000    5.72939
595000     4465000     -6000    6.03839
595000     4465000     -7000    6.26076
595000     4465000     -8000    6.30727
595000     4465000     -9000    6.35385
595000     4465000     -10000    6.40049
595000     4465000     -11000    6.44713
595000     4465000     -12000    6.49373
595000     4465000     -13000    6.54081
595000     4465000     -14000    6.58815
595000     4465000     -15000    6.6355
595000     4465000     -16000    6.68287
595000     4465000     -17000    6.73025
595000     4465000     -18000    6.77764
595000     4465000     -19000    6.8309
595000     4465000     -20000    6.88719
595000     4465000     -21000    6.94347
595000     4465000     -22000    6.99976
595000     4465000     -23000    7.05604
595000     4465000     -24000    7.11233
595000     4470000     2000    3.63636
595000     4470000     1000    3.91108
595000     4470000     0    4.18581
595000     4470000     -1000    4.78438
595000     4470000     -2000    4.9763
595000     4470000     -3000    5.19107
595000     4470000     -4000    5.4522
595000     4470000     -5000    5.72914
595000     4470000     -6000    6.03821
595000     4470000     -7000    6.26066
595000     4470000     -8000    6.30725
595000     4470000     -9000    6.35384
595000     4470000     -10000    6.40043
595000     4470000     -11000    6.44702
595000     4470000     -12000    6.49362
595000     4470000     -13000    6.54073
595000     4470000     -14000    6.58811
595000     4470000     -15000    6.63549
595000     4470000     -16000    6.68288
595000     4470000     -17000    6.73026
595000     4470000     -18000    6.77764
595000     4470000     -19000    6.8309
595000     4470000     -20000    6.88719
595000     4470000     -21000    6.94347
595000     4470000     -22000    6.99976
595000     4470000     -23000    7.05604
595000     4470000     -24000    7.11233
595000     4475000     2000    3.63636
595000     4475000     1000    3.91108
595000     4475000     0    4.18579
595000     4475000     -1000    4.78435
595000     4475000     -2000    4.97628
595000     4475000     -3000    5.19104
595000     4475000     -4000    5.45218
595000     4475000     -5000    5.72913
595000     4475000     -6000    6.03821
595000     4475000     -7000    6.26067
595000     4475000     -8000    6.30726
595000     4475000     -9000    6.35385
595000     4475000     -10000    6.40044
595000     4475000     -11000    6.44703
595000     4475000     -12000    6.49362
595000     4475000     -13000    6.54073
595000     4475000     -14000    6.58811
595000     4475000     -15000    6.6355
595000     4475000     -16000    6.68288
595000     4475000     -17000    6.73026
595000     4475000     -18000    6.77764
595000     4475000     -19000    6.8309
595000     4475000     -20000    6.88719
595000     4475000     -21000    6.94347
595000     4475000     -22000    6.99976
595000     4475000     -23000    7.05604
595000     4475000     -24000    7.11233
595000     4480000     2000    3.63636
595000     4480000     1000    3.91108
595000     4480000     0    4.18579
595000     4480000     -1000    4.78436
595000     4480000     -2000    4.97628
595000     4480000     -3000    5.19104
595000     4480000     -4000    5.45218
595000     4480000     -5000    5.72914
595000     4480000     -6000    6.03822
595000     4480000     -7000    6.26067
595000     4480000     -8000    6.30726
595000     4480000     -9000    6.35385
595000     4480000     -10000    6.40044
595000     4480000     -11000    6.44703
595000     4480000     -12000    6.49362
595000     4480000     -13000    6.54073
595000     4480000     -14000    6.58811
595000     4480000     -15000    6.6355
595000     4480000     -16000    6.68288
595000     4480000     -17000    6.73026
595000     4480000     -18000    6.77764
595000     4480000     -19000    6.8309
595000     4480000     -20000    6.88719
595000     4480000     -21000    6.94347
595000     4480000     -22000    6.99976
595000     4480000     -23000    7.05604
595000     4480000     -24000    7.11233
