555000     4360000     2000    3.63636
555000     4360000     1000    3.91108
555000     4360000     0    4.18579
555000     4360000     -1000    4.78436
555000     4360000     -2000    4.97628
555000     4360000     -3000    5.19104
555000     4360000     -4000    5.45218
555000     4360000     -5000    5.72914
555000     4360000     -6000    6.03822
555000     4360000     -7000    6.26067
555000     4360000     -8000    6.30726
555000     4360000     -9000    6.35385
555000     4360000     -10000    6.40044
555000     4360000     -11000    6.44703
555000     4360000     -12000    6.49362
555000     4360000     -13000    6.54073
555000     4360000     -14000    6.58811
555000     4360000     -15000    6.6355
555000     4360000     -16000    6.68288
555000     4360000     -17000    6.73026
555000     4360000     -18000    6.77764
555000     4360000     -19000    6.8309
555000     4360000     -20000    6.88719
555000     4360000     -21000    6.94347
555000     4360000     -22000    6.99976
555000     4360000     -23000    7.05604
555000     4360000     -24000    7.11233
555000     4365000     2000    3.63636
555000     4365000     1000    3.91107
555000     4365000     0    4.18579
555000     4365000     -1000    4.78435
555000     4365000     -2000    4.97628
555000     4365000     -3000    5.19104
555000     4365000     -4000    5.45218
555000     4365000     -5000    5.72914
555000     4365000     -6000    6.03822
555000     4365000     -7000    6.26067
555000     4365000     -8000    6.30726
555000     4365000     -9000    6.35385
555000     4365000     -10000    6.40044
555000     4365000     -11000    6.44703
555000     4365000     -12000    6.49362
555000     4365000     -13000    6.54073
555000     4365000     -14000    6.58811
555000     4365000     -15000    6.6355
555000     4365000     -16000    6.68288
555000     4365000     -17000    6.73026
555000     4365000     -18000    6.77764
555000     4365000     -19000    6.8309
555000     4365000     -20000    6.88719
555000     4365000     -21000    6.94347
555000     4365000     -22000    6.99976
555000     4365000     -23000    7.05604
555000     4365000     -24000    7.11233
555000     4370000     2000    3.63636
555000     4370000     1000    3.91107
555000     4370000     0    4.18579
555000     4370000     -1000    4.78435
555000     4370000     -2000    4.97627
555000     4370000     -3000    5.19103
555000     4370000     -4000    5.45217
555000     4370000     -5000    5.72913
555000     4370000     -6000    6.03821
555000     4370000     -7000    6.26067
555000     4370000     -8000    6.30726
555000     4370000     -9000    6.35385
555000     4370000     -10000    6.40044
555000     4370000     -11000    6.44703
555000     4370000     -12000    6.49362
555000     4370000     -13000    6.54073
555000     4370000     -14000    6.58811
555000     4370000     -15000    6.6355
555000     4370000     -16000    6.68288
555000     4370000     -17000    6.73026
555000     4370000     -18000    6.77764
555000     4370000     -19000    6.8309
555000     4370000     -20000    6.88719
555000     4370000     -21000    6.94347
555000     4370000     -22000    6.99976
555000     4370000     -23000    7.05604
555000     4370000     -24000    7.11233
555000     4375000     2000    3.63636
555000     4375000     1000    3.91107
555000     4375000     0    4.18579
555000     4375000     -1000    4.78434
555000     4375000     -2000    4.97627
555000     4375000     -3000    5.19103
555000     4375000     -4000    5.45216
555000     4375000     -5000    5.72912
555000     4375000     -6000    6.0382
555000     4375000     -7000    6.26066
555000     4375000     -8000    6.30726
555000     4375000     -9000    6.35385
555000     4375000     -10000    6.40044
555000     4375000     -11000    6.44703
555000     4375000     -12000    6.49362
555000     4375000     -13000    6.54073
555000     4375000     -14000    6.58811
555000     4375000     -15000    6.6355
555000     4375000     -16000    6.68288
555000     4375000     -17000    6.73026
555000     4375000     -18000    6.77764
555000     4375000     -19000    6.8309
555000     4375000     -20000    6.88719
555000     4375000     -21000    6.94347
555000     4375000     -22000    6.99976
555000     4375000     -23000    7.05604
555000     4375000     -24000    7.11233
555000     4380000     2000    3.63636
555000     4380000     1000    3.91107
555000     4380000     0    4.18579
555000     4380000     -1000    4.78434
555000     4380000     -2000    4.97627
555000     4380000     -3000    5.19103
555000     4380000     -4000    5.45216
555000     4380000     -5000    5.72912
555000     4380000     -6000    6.03819
555000     4380000     -7000    6.26065
555000     4380000     -8000    6.30724
555000     4380000     -9000    6.35384
555000     4380000     -10000    6.40043
555000     4380000     -11000    6.44703
555000     4380000     -12000    6.49362
555000     4380000     -13000    6.54073
555000     4380000     -14000    6.58811
555000     4380000     -15000    6.63549
555000     4380000     -16000    6.68288
555000     4380000     -17000    6.73026
555000     4380000     -18000    6.77764
555000     4380000     -19000    6.8309
555000     4380000     -20000    6.88719
555000     4380000     -21000    6.94347
555000     4380000     -22000    6.99976
555000     4380000     -23000    7.05604
555000     4380000     -24000    7.11233
555000     4385000     2000    3.63636
555000     4385000     1000    3.91107
555000     4385000     0    4.18579
555000     4385000     -1000    4.78434
555000     4385000     -2000    4.97627
555000     4385000     -3000    5.19103
555000     4385000     -4000    5.45216
555000     4385000     -5000    5.72912
555000     4385000     -6000    6.0382
555000     4385000     -7000    6.26066
555000     4385000     -8000    6.30724
555000     4385000     -9000    6.35383
555000     4385000     -10000    6.40043
555000     4385000     -11000    6.44703
555000     4385000     -12000    6.49362
555000     4385000     -13000    6.54073
555000     4385000     -14000    6.58811
555000     4385000     -15000    6.63549
555000     4385000     -16000    6.68287
555000     4385000     -17000    6.73025
555000     4385000     -18000    6.77763
555000     4385000     -19000    6.83089
555000     4385000     -20000    6.88718
555000     4385000     -21000    6.94347
555000     4385000     -22000    6.99976
555000     4385000     -23000    7.05604
555000     4385000     -24000    7.11233
555000     4390000     2000    3.63636
555000     4390000     1000    3.91108
555000     4390000     0    4.18579
555000     4390000     -1000    4.78436
555000     4390000     -2000    4.97628
555000     4390000     -3000    5.19104
555000     4390000     -4000    5.45216
555000     4390000     -5000    5.72912
555000     4390000     -6000    6.03822
555000     4390000     -7000    6.26069
555000     4390000     -8000    6.30725
555000     4390000     -9000    6.35384
555000     4390000     -10000    6.40044
555000     4390000     -11000    6.44703
555000     4390000     -12000    6.49362
555000     4390000     -13000    6.54073
555000     4390000     -14000    6.58812
555000     4390000     -15000    6.6355
555000     4390000     -16000    6.68288
555000     4390000     -17000    6.73025
555000     4390000     -18000    6.77763
555000     4390000     -19000    6.83089
555000     4390000     -20000    6.88718
555000     4390000     -21000    6.94346
555000     4390000     -22000    6.99975
555000     4390000     -23000    7.05604
555000     4390000     -24000    7.11233
555000     4395000     2000    3.63636
555000     4395000     1000    3.91107
555000     4395000     0    4.18579
555000     4395000     -1000    4.78435
555000     4395000     -2000    4.97629
555000     4395000     -3000    5.19105
555000     4395000     -4000    5.45218
555000     4395000     -5000    5.72912
555000     4395000     -6000    6.03822
555000     4395000     -7000    6.26069
555000     4395000     -8000    6.30723
555000     4395000     -9000    6.35383
555000     4395000     -10000    6.40044
555000     4395000     -11000    6.44703
555000     4395000     -12000    6.4936
555000     4395000     -13000    6.54071
555000     4395000     -14000    6.58811
555000     4395000     -15000    6.63549
555000     4395000     -16000    6.68287
555000     4395000     -17000    6.73026
555000     4395000     -18000    6.77765
555000     4395000     -19000    6.83093
555000     4395000     -20000    6.88722
555000     4395000     -21000    6.94347
555000     4395000     -22000    6.99975
555000     4395000     -23000    7.05604
555000     4395000     -24000    7.11233
555000     4400000     2000    3.63636
555000     4400000     1000    3.91106
555000     4400000     0    4.18574
555000     4400000     -1000    4.78429
555000     4400000     -2000    4.97624
555000     4400000     -3000    5.19103
555000     4400000     -4000    5.45218
555000     4400000     -5000    5.72913
555000     4400000     -6000    6.03824
555000     4400000     -7000    6.26065
555000     4400000     -8000    6.30711
555000     4400000     -9000    6.35375
555000     4400000     -10000    6.40041
555000     4400000     -11000    6.44699
555000     4400000     -12000    6.49354
555000     4400000     -13000    6.54067
555000     4400000     -14000    6.58808
555000     4400000     -15000    6.63548
555000     4400000     -16000    6.68289
555000     4400000     -17000    6.73032
555000     4400000     -18000    6.7778
555000     4400000     -19000    6.83111
555000     4400000     -20000    6.88734
555000     4400000     -21000    6.94351
555000     4400000     -22000    6.99976
555000     4400000     -23000    7.05604
555000     4400000     -24000    7.11233
555000     4405000     2000    3.63636
555000     4405000     1000    3.91102
555000     4405000     0    4.18569
555000     4405000     -1000    4.78419
555000     4405000     -2000    4.97612
555000     4405000     -3000    5.19093
555000     4405000     -4000    5.45211
555000     4405000     -5000    5.72914
555000     4405000     -6000    6.0383
555000     4405000     -7000    6.26055
555000     4405000     -8000    6.30702
555000     4405000     -9000    6.3535
555000     4405000     -10000    6.40027
555000     4405000     -11000    6.4469
555000     4405000     -12000    6.4935
555000     4405000     -13000    6.54067
555000     4405000     -14000    6.58815
555000     4405000     -15000    6.63564
555000     4405000     -16000    6.68317
555000     4405000     -17000    6.73074
555000     4405000     -18000    6.7782
555000     4405000     -19000    6.83136
555000     4405000     -20000    6.88742
555000     4405000     -21000    6.94352
555000     4405000     -22000    6.99975
555000     4405000     -23000    7.05604
555000     4405000     -24000    7.11233
555000     4410000     2000    3.63635
555000     4410000     1000    3.91103
555000     4410000     0    4.18574
555000     4410000     -1000    4.78425
555000     4410000     -2000    4.97614
555000     4410000     -3000    5.19088
555000     4410000     -4000    5.45205
555000     4410000     -5000    5.72909
555000     4410000     -6000    6.0381
555000     4410000     -7000    6.26003
555000     4410000     -8000    6.30736
555000     4410000     -9000    6.35311
555000     4410000     -10000    6.39998
555000     4410000     -11000    6.44688
555000     4410000     -12000    6.49371
555000     4410000     -13000    6.54097
555000     4410000     -14000    6.58863
555000     4410000     -15000    6.63628
555000     4410000     -16000    6.6837
555000     4410000     -17000    6.73121
555000     4410000     -18000    6.77824
555000     4410000     -19000    6.83116
555000     4410000     -20000    6.88741
555000     4410000     -21000    6.94351
555000     4410000     -22000    6.99974
555000     4410000     -23000    7.05604
555000     4410000     -24000    7.11233
555000     4415000     2000    3.63635
555000     4415000     1000    3.91106
555000     4415000     0    4.18579
555000     4415000     -1000    4.78435
555000     4415000     -2000    4.97628
555000     4415000     -3000    5.19103
555000     4415000     -4000    5.45214
555000     4415000     -5000    5.72891
555000     4415000     -6000    6.03723
555000     4415000     -7000    6.25987
555000     4415000     -8000    6.31031
555000     4415000     -9000    6.35302
555000     4415000     -10000    6.40015
555000     4415000     -11000    6.44768
555000     4415000     -12000    6.49427
555000     4415000     -13000    6.54129
555000     4415000     -14000    6.58844
555000     4415000     -15000    6.63512
555000     4415000     -16000    6.68117
555000     4415000     -17000    6.72921
555000     4415000     -18000    6.77782
555000     4415000     -19000    6.83137
555000     4415000     -20000    6.88736
555000     4415000     -21000    6.94346
555000     4415000     -22000    6.99975
555000     4415000     -23000    7.05605
555000     4415000     -24000    7.11233
555000     4420000     2000    3.63635
555000     4420000     1000    3.91109
555000     4420000     0    4.18585
555000     4420000     -1000    4.78441
555000     4420000     -2000    4.97633
555000     4420000     -3000    5.19108
555000     4420000     -4000    5.45203
555000     4420000     -5000    5.72828
555000     4420000     -6000    6.03735
555000     4420000     -7000    6.27035
555000     4420000     -8000    6.31968
555000     4420000     -9000    6.35545
555000     4420000     -10000    6.40217
555000     4420000     -11000    6.44658
555000     4420000     -12000    6.4889
555000     4420000     -13000    6.53374
555000     4420000     -14000    6.57828
555000     4420000     -15000    6.62425
555000     4420000     -16000    6.67656
555000     4420000     -17000    6.72958
555000     4420000     -18000    6.77827
555000     4420000     -19000    6.83116
555000     4420000     -20000    6.88718
555000     4420000     -21000    6.94345
555000     4420000     -22000    6.99976
555000     4420000     -23000    7.05605
555000     4420000     -24000    7.11233
555000     4425000     2000    3.63636
555000     4425000     1000    3.91117
555000     4425000     0    4.18602
555000     4425000     -1000    4.78473
555000     4425000     -2000    4.9767
555000     4425000     -3000    5.19152
555000     4425000     -4000    5.45251
555000     4425000     -5000    5.72956
555000     4425000     -6000    6.05088
555000     4425000     -7000    6.3336
555000     4425000     -8000    6.34448
555000     4425000     -9000    6.36164
555000     4425000     -10000    6.39244
555000     4425000     -11000    6.41808
555000     4425000     -12000    6.44753
555000     4425000     -13000    6.49823
555000     4425000     -14000    6.56897
555000     4425000     -15000    6.63076
555000     4425000     -16000    6.68291
555000     4425000     -17000    6.7309
555000     4425000     -18000    6.77783
555000     4425000     -19000    6.83086
555000     4425000     -20000    6.88715
555000     4425000     -21000    6.94347
555000     4425000     -22000    6.99976
555000     4425000     -23000    7.05605
555000     4425000     -24000    7.11233
555000     4430000     2000    3.63636
555000     4430000     1000    3.9113
555000     4430000     0    4.18634
555000     4430000     -1000    4.78539
555000     4430000     -2000    4.97763
555000     4430000     -3000    5.19281
555000     4430000     -4000    5.45447
555000     4430000     -5000    5.7331
555000     4430000     -6000    6.08645
555000     4430000     -7000    6.43357
555000     4430000     -8000    6.33794
555000     4430000     -9000    6.31419
555000     4430000     -10000    6.3142
555000     4430000     -11000    6.36516
555000     4430000     -12000    6.45007
555000     4430000     -13000    6.52743
555000     4430000     -14000    6.58635
555000     4430000     -15000    6.63627
555000     4430000     -16000    6.68345
555000     4430000     -17000    6.73028
555000     4430000     -18000    6.77753
555000     4430000     -19000    6.83085
555000     4430000     -20000    6.88719
555000     4430000     -21000    6.94348
555000     4430000     -22000    6.99976
555000     4430000     -23000    7.05604
555000     4430000     -24000    7.11233
555000     4435000     2000    3.63638
555000     4435000     1000    3.91146
555000     4435000     0    4.1864
555000     4435000     -1000    4.7853
555000     4435000     -2000    4.97732
555000     4435000     -3000    5.19099
555000     4435000     -4000    5.44459
555000     4435000     -5000    5.67597
555000     4435000     -6000    5.91954
555000     4435000     -7000    6.10585
555000     4435000     -8000    6.1506
555000     4435000     -9000    6.25564
555000     4435000     -10000    6.3542
555000     4435000     -11000    6.43158
555000     4435000     -12000    6.48941
555000     4435000     -13000    6.54114
555000     4435000     -14000    6.58913
555000     4435000     -15000    6.63587
555000     4435000     -16000    6.68282
555000     4435000     -17000    6.73014
555000     4435000     -18000    6.77759
555000     4435000     -19000    6.83089
555000     4435000     -20000    6.88719
555000     4435000     -21000    6.94347
555000     4435000     -22000    6.99976
555000     4435000     -23000    7.05604
555000     4435000     -24000    7.11233
555000     4440000     2000    3.63651
555000     4440000     1000    3.91121
555000     4440000     0    4.18263
555000     4440000     -1000    4.77541
555000     4440000     -2000    4.96053
555000     4440000     -3000    5.15422
555000     4440000     -4000    5.3506
555000     4440000     -5000    5.48984
555000     4440000     -6000    5.65577
555000     4440000     -7000    5.92748
555000     4440000     -8000    6.12041
555000     4440000     -9000    6.27697
555000     4440000     -10000    6.37594
555000     4440000     -11000    6.44183
555000     4440000     -12000    6.49311
555000     4440000     -13000    6.54123
555000     4440000     -14000    6.5884
555000     4440000     -15000    6.63559
555000     4440000     -16000    6.68293
555000     4440000     -17000    6.7303
555000     4440000     -18000    6.77767
555000     4440000     -19000    6.83091
555000     4440000     -20000    6.88719
555000     4440000     -21000    6.94347
555000     4440000     -22000    6.99976
555000     4440000     -23000    7.05604
555000     4440000     -24000    7.11233
555000     4445000     2000    3.63655
555000     4445000     1000    3.91113
555000     4445000     0    4.18159
555000     4445000     -1000    4.77582
555000     4445000     -2000    4.96817
555000     4445000     -3000    5.1872
555000     4445000     -4000    5.45537
555000     4445000     -5000    5.73191
555000     4445000     -6000    5.99779
555000     4445000     -7000    6.18072
555000     4445000     -8000    6.24694
555000     4445000     -9000    6.32523
555000     4445000     -10000    6.39034
555000     4445000     -11000    6.44376
555000     4445000     -12000    6.49208
555000     4445000     -13000    6.54046
555000     4445000     -14000    6.58825
555000     4445000     -15000    6.63569
555000     4445000     -16000    6.68305
555000     4445000     -17000    6.73035
555000     4445000     -18000    6.77768
555000     4445000     -19000    6.83091
555000     4445000     -20000    6.88718
555000     4445000     -21000    6.94347
555000     4445000     -22000    6.99976
555000     4445000     -23000    7.05604
555000     4445000     -24000    7.11233
555000     4450000     2000    3.63646
555000     4450000     1000    3.91178
555000     4450000     0    4.1868
555000     4450000     -1000    4.78624
555000     4450000     -2000    4.97888
555000     4450000     -3000    5.19471
555000     4450000     -4000    5.4578
555000     4450000     -5000    5.7365
555000     4450000     -6000    6.04128
555000     4450000     -7000    6.25684
555000     4450000     -8000    6.30316
555000     4450000     -9000    6.35259
555000     4450000     -10000    6.40073
555000     4450000     -11000    6.44753
555000     4450000     -12000    6.49396
555000     4450000     -13000    6.54107
555000     4450000     -14000    6.58838
555000     4450000     -15000    6.63566
555000     4450000     -16000    6.68296
555000     4450000     -17000    6.73029
555000     4450000     -18000    6.77764
555000     4450000     -19000    6.83089
555000     4450000     -20000    6.88718
555000     4450000     -21000    6.94347
555000     4450000     -22000    6.99976
555000     4450000     -23000    7.05604
555000     4450000     -24000    7.11233
555000     4455000     2000    3.63653
555000     4455000     1000    3.91054
555000     4455000     0    4.18523
555000     4455000     -1000    4.78528
555000     4455000     -2000    4.97805
555000     4455000     -3000    5.19322
555000     4455000     -4000    5.45472
555000     4455000     -5000    5.73199
555000     4455000     -6000    6.0402
555000     4455000     -7000    6.26123
555000     4455000     -8000    6.30745
555000     4455000     -9000    6.35423
555000     4455000     -10000    6.40083
555000     4455000     -11000    6.4473
555000     4455000     -12000    6.49379
555000     4455000     -13000    6.54085
555000     4455000     -14000    6.58818
555000     4455000     -15000    6.63552
555000     4455000     -16000    6.68288
555000     4455000     -17000    6.73025
555000     4455000     -18000    6.77763
555000     4455000     -19000    6.83089
555000     4455000     -20000    6.88719
555000     4455000     -21000    6.94347
555000     4455000     -22000    6.99976
555000     4455000     -23000    7.05604
555000     4455000     -24000    7.11233
555000     4460000     2000    3.6365
555000     4460000     1000    3.91049
555000     4460000     0    4.18542
555000     4460000     -1000    4.78531
555000     4460000     -2000    4.9777
555000     4460000     -3000    5.19233
555000     4460000     -4000    5.45323
555000     4460000     -5000    5.72989
555000     4460000     -6000    6.03856
555000     4460000     -7000    6.26069
555000     4460000     -8000    6.30726
555000     4460000     -9000    6.3539
555000     4460000     -10000    6.40049
555000     4460000     -11000    6.44706
555000     4460000     -12000    6.49363
555000     4460000     -13000    6.54074
555000     4460000     -14000    6.58811
555000     4460000     -15000    6.63549
555000     4460000     -16000    6.68287
555000     4460000     -17000    6.73025
555000     4460000     -18000    6.77764
555000     4460000     -19000    6.8309
555000     4460000     -20000    6.88719
555000     4460000     -21000    6.94347
555000     4460000     -22000    6.99976
555000     4460000     -23000    7.05604
555000     4460000     -24000    7.11233
555000     4465000     2000    3.6364
555000     4465000     1000    3.91124
555000     4465000     0    4.18615
555000     4465000     -1000    4.78496
555000     4465000     -2000    4.97679
555000     4465000     -3000    5.19139
555000     4465000     -4000    5.45237
555000     4465000     -5000    5.72919
555000     4465000     -6000    6.03818
555000     4465000     -7000    6.26062
555000     4465000     -8000    6.30724
555000     4465000     -9000    6.35385
555000     4465000     -10000    6.40044
555000     4465000     -11000    6.44703
555000     4465000     -12000    6.49362
555000     4465000     -13000    6.54073
555000     4465000     -14000    6.58811
555000     4465000     -15000    6.6355
555000     4465000     -16000    6.68288
555000     4465000     -17000    6.73026
555000     4465000     -18000    6.77764
555000     4465000     -19000    6.8309
555000     4465000     -20000    6.88719
555000     4465000     -21000    6.94347
555000     4465000     -22000    6.99976
555000     4465000     -23000    7.05604
555000     4465000     -24000    7.11233
555000     4470000     2000    3.63636
555000     4470000     1000    3.91115
555000     4470000     0    4.18591
555000     4470000     -1000    4.78447
555000     4470000     -2000    4.97633
555000     4470000     -3000    5.19105
555000     4470000     -4000    5.45216
555000     4470000     -5000    5.7291
555000     4470000     -6000    6.03818
555000     4470000     -7000    6.26065
555000     4470000     -8000    6.30726
555000     4470000     -9000    6.35385
555000     4470000     -10000    6.40044
555000     4470000     -11000    6.44703
555000     4470000     -12000    6.49362
555000     4470000     -13000    6.54073
555000     4470000     -14000    6.58811
555000     4470000     -15000    6.6355
555000     4470000     -16000    6.68288
555000     4470000     -17000    6.73026
555000     4470000     -18000    6.77764
555000     4470000     -19000    6.8309
555000     4470000     -20000    6.88719
555000     4470000     -21000    6.94347
555000     4470000     -22000    6.99976
555000     4470000     -23000    7.05604
555000     4470000     -24000    7.11233
555000     4475000     2000    3.63636
555000     4475000     1000    3.91108
555000     4475000     0    4.1858
555000     4475000     -1000    4.78435
555000     4475000     -2000    4.97627
555000     4475000     -3000    5.19103
555000     4475000     -4000    5.45217
555000     4475000     -5000    5.72913
555000     4475000     -6000    6.03821
555000     4475000     -7000    6.26067
555000     4475000     -8000    6.30726
555000     4475000     -9000    6.35385
555000     4475000     -10000    6.40044
555000     4475000     -11000    6.44703
555000     4475000     -12000    6.49362
555000     4475000     -13000    6.54073
555000     4475000     -14000    6.58811
555000     4475000     -15000    6.6355
555000     4475000     -16000    6.68288
555000     4475000     -17000    6.73026
555000     4475000     -18000    6.77764
555000     4475000     -19000    6.8309
555000     4475000     -20000    6.88719
555000     4475000     -21000    6.94347
555000     4475000     -22000    6.99976
555000     4475000     -23000    7.05604
555000     4475000     -24000    7.11233
555000     4480000     2000    3.63636
555000     4480000     1000    3.91107
555000     4480000     0    4.18579
555000     4480000     -1000    4.78435
555000     4480000     -2000    4.97628
555000     4480000     -3000    5.19104
555000     4480000     -4000    5.45218
555000     4480000     -5000    5.72914
555000     4480000     -6000    6.03822
555000     4480000     -7000    6.26067
555000     4480000     -8000    6.30726
555000     4480000     -9000    6.35385
555000     4480000     -10000    6.40044
555000     4480000     -11000    6.44703
555000     4480000     -12000    6.49362
555000     4480000     -13000    6.54073
555000     4480000     -14000    6.58811
555000     4480000     -15000    6.6355
555000     4480000     -16000    6.68288
555000     4480000     -17000    6.73026
555000     4480000     -18000    6.77764
555000     4480000     -19000    6.8309
555000     4480000     -20000    6.88719
555000     4480000     -21000    6.94347
555000     4480000     -22000    6.99976
555000     4480000     -23000    7.05604
555000     4480000     -24000    7.11233
