585000     4360000     2000    3.63636
585000     4365000     2000    3.63653
585000     4370000     2000    3.63741
585000     4375000     2000    3.63506
585000     4380000     2000    3.63723
585000     4385000     2000    3.63694
585000     4390000     2000    3.6364
585000     4395000     2000    3.63631
585000     4400000     2000    3.63635
585000     4405000     2000    3.63778
585000     4410000     2000    3.64348
585000     4415000     2000    3.62994
585000     4420000     2000    3.63771
585000     4425000     2000    3.64093
585000     4430000     2000    3.63712
585000     4435000     2000    3.6362
585000     4440000     2000    3.63636
585000     4445000     2000    3.63697
585000     4450000     2000    3.63718
585000     4455000     2000    3.63665
585000     4460000     2000    3.63637
585000     4465000     2000    3.63635
585000     4470000     2000    3.63636
585000     4475000     2000    3.63636
585000     4480000     2000    3.63636
585000     4360000     1000    3.91127
585000     4365000     1000    3.91188
585000     4370000     1000    3.90658
585000     4375000     1000    3.86194
585000     4380000     1000    3.89059
585000     4385000     1000    3.9108
585000     4390000     1000    3.91168
585000     4395000     1000    3.91129
585000     4400000     1000    3.91303
585000     4405000     1000    3.91656
585000     4410000     1000    3.87694
585000     4415000     1000    3.64964
585000     4420000     1000    3.73704
585000     4425000     1000    3.90225
585000     4430000     1000    3.918
585000     4435000     1000    3.91324
585000     4440000     1000    3.91262
585000     4445000     1000    3.91231
585000     4450000     1000    3.90696
585000     4455000     1000    3.91177
585000     4460000     1000    3.91156
585000     4465000     1000    3.91113
585000     4470000     1000    3.91107
585000     4475000     1000    3.91107
585000     4480000     1000    3.91108
585000     4360000     0    4.18637
585000     4365000     0    4.18666
585000     4370000     0    4.16581
585000     4375000     0    4.02043
585000     4380000     0    4.09166
585000     4385000     0    4.1783
585000     4390000     0    4.18702
585000     4395000     0    4.18653
585000     4400000     0    4.19
585000     4405000     0    4.18923
585000     4410000     0    4.04794
585000     4415000     0    3.72576
585000     4420000     0    3.68726
585000     4425000     0    4.13814
585000     4430000     0    4.1834
585000     4435000     0    4.19059
585000     4440000     0    4.1895
585000     4445000     0    4.18605
585000     4450000     0    4.17694
585000     4455000     0    4.18719
585000     4460000     0    4.18671
585000     4465000     0    4.18589
585000     4470000     0    4.18577
585000     4475000     0    4.18579
585000     4480000     0    4.18579
585000     4360000     -1000    4.78514
585000     4365000     -1000    4.78615
585000     4370000     -1000    4.75952
585000     4375000     -1000    4.55869
585000     4380000     -1000    4.57544
585000     4385000     -1000    4.76385
585000     4390000     -1000    4.7869
585000     4395000     -1000    4.78603
585000     4400000     -1000    4.79117
585000     4405000     -1000    4.78139
585000     4410000     -1000    4.52493
585000     4415000     -1000    4.24635
585000     4420000     -1000    4.18149
585000     4425000     -1000    4.66485
585000     4430000     -1000    4.72556
585000     4435000     -1000    4.78546
585000     4440000     -1000    4.78267
585000     4445000     -1000    4.76822
585000     4450000     -1000    4.77348
585000     4455000     -1000    4.78707
585000     4460000     -1000    4.78555
585000     4465000     -1000    4.78443
585000     4470000     -1000    4.78432
585000     4475000     -1000    4.78435
585000     4480000     -1000    4.78436
585000     4360000     -2000    4.9769
585000     4365000     -2000    4.97838
585000     4370000     -2000    4.95791
585000     4375000     -2000    4.77328
585000     4380000     -2000    4.63892
585000     4385000     -2000    4.93355
585000     4390000     -2000    4.97985
585000     4395000     -2000    4.97917
585000     4400000     -2000    4.9814
585000     4405000     -2000    4.93683
585000     4410000     -2000    4.54289
585000     4415000     -2000    4.43602
585000     4420000     -2000    4.46317
585000     4425000     -2000    4.80233
585000     4430000     -2000    4.8659
585000     4435000     -2000    4.97254
585000     4440000     -2000    4.9242
585000     4445000     -2000    4.90743
585000     4450000     -2000    4.97113
585000     4455000     -2000    4.98025
585000     4460000     -2000    4.97731
585000     4465000     -2000    4.97628
585000     4470000     -2000    4.97624
585000     4475000     -2000    4.97627
585000     4480000     -2000    4.97628
585000     4360000     -3000    5.1914
585000     4365000     -3000    5.19333
585000     4370000     -3000    5.18342
585000     4375000     -3000    5.04364
585000     4380000     -3000    4.72471
585000     4385000     -3000    5.09321
585000     4390000     -3000    5.19246
585000     4395000     -3000    5.19618
585000     4400000     -3000    5.19348
585000     4405000     -3000    5.1087
585000     4410000     -3000    4.56742
585000     4415000     -3000    4.53579
585000     4420000     -3000    4.97945
585000     4425000     -3000    4.9468
585000     4430000     -3000    5.00467
585000     4435000     -3000    5.19019
585000     4440000     -3000    5.13953
585000     4445000     -3000    5.16236
585000     4450000     -3000    5.20469
585000     4455000     -3000    5.19655
585000     4460000     -3000    5.19183
585000     4465000     -3000    5.19099
585000     4470000     -3000    5.191
585000     4475000     -3000    5.19104
585000     4480000     -3000    5.19105
585000     4360000     -4000    5.45231
585000     4365000     -4000    5.45436
585000     4370000     -4000    5.45308
585000     4375000     -4000    5.36075
585000     4380000     -4000    4.94317
585000     4385000     -4000    5.21905
585000     4390000     -4000    5.43507
585000     4395000     -4000    5.45625
585000     4400000     -4000    5.44679
585000     4405000     -4000    5.34172
585000     4410000     -4000    4.72569
585000     4415000     -4000    4.53333
585000     4420000     -4000    5.56396
585000     4425000     -4000    5.2844
585000     4430000     -4000    5.18722
585000     4435000     -4000    5.34284
585000     4440000     -4000    5.35457
585000     4445000     -4000    5.51887
585000     4450000     -4000    5.46832
585000     4455000     -4000    5.4555
585000     4460000     -4000    5.45254
585000     4465000     -4000    5.45211
585000     4470000     -4000    5.45214
585000     4475000     -4000    5.45218
585000     4480000     -4000    5.45218
585000     4360000     -5000    5.72914
585000     4365000     -5000    5.7308
585000     4370000     -5000    5.7335
585000     4375000     -5000    5.67986
585000     4380000     -5000    5.30686
585000     4385000     -5000    5.30701
585000     4390000     -5000    5.64616
585000     4395000     -5000    5.68641
585000     4400000     -5000    5.67292
585000     4405000     -5000    5.6418
585000     4410000     -5000    5.16188
585000     4415000     -5000    4.94415
585000     4420000     -5000    5.85474
585000     4425000     -5000    5.30973
585000     4430000     -5000    5.50019
585000     4435000     -5000    5.58042
585000     4440000     -5000    5.69807
585000     4445000     -5000    6.00315
585000     4450000     -5000    5.73473
585000     4455000     -5000    5.72704
585000     4460000     -5000    5.72895
585000     4465000     -5000    5.7291
585000     4470000     -5000    5.72912
585000     4475000     -5000    5.72913
585000     4480000     -5000    5.72914
585000     4360000     -6000    6.03815
585000     4365000     -6000    6.03924
585000     4370000     -6000    6.0431
585000     4375000     -6000    6.02122
585000     4380000     -6000    5.77372
585000     4385000     -6000    5.58177
585000     4390000     -6000    5.70815
585000     4395000     -6000    5.83987
585000     4400000     -6000    5.9026
585000     4405000     -6000    6.06245
585000     4410000     -6000    5.92282
585000     4415000     -6000    6.35881
585000     4420000     -6000    5.73692
585000     4425000     -6000    4.98074
585000     4430000     -6000    5.58615
585000     4435000     -6000    5.97514
585000     4440000     -6000    6.2569
585000     4445000     -6000    6.37877
585000     4450000     -6000    6.03223
585000     4455000     -6000    6.03281
585000     4460000     -6000    6.03808
585000     4465000     -6000    6.03832
585000     4470000     -6000    6.03821
585000     4475000     -6000    6.03821
585000     4480000     -6000    6.03822
585000     4360000     -7000    6.2606
585000     4365000     -7000    6.26109
585000     4370000     -7000    6.26423
585000     4375000     -7000    6.26251
585000     4380000     -7000    6.15038
585000     4385000     -7000    5.85364
585000     4390000     -7000    5.94274
585000     4395000     -7000    5.95563
585000     4400000     -7000    6.04871
585000     4405000     -7000    6.08227
585000     4410000     -7000    5.81638
585000     4415000     -7000    6.19312
585000     4420000     -7000    5.37379
585000     4425000     -7000    5.55408
585000     4430000     -7000    5.80641
585000     4435000     -7000    5.78171
585000     4440000     -7000    6.24557
585000     4445000     -7000    6.22633
585000     4450000     -7000    6.20654
585000     4455000     -7000    6.25106
585000     4460000     -7000    6.26104
585000     4465000     -7000    6.26102
585000     4470000     -7000    6.26071
585000     4475000     -7000    6.26067
585000     4480000     -7000    6.26067
585000     4360000     -8000    6.30722
585000     4365000     -8000    6.30732
585000     4370000     -8000    6.30887
585000     4375000     -8000    6.31257
585000     4380000     -8000    6.2824
585000     4385000     -8000    6.08706
585000     4390000     -8000    6.02053
585000     4395000     -8000    6.05484
585000     4400000     -8000    6.04657
585000     4405000     -8000    6.03931
585000     4410000     -8000    5.91659
585000     4415000     -8000    5.85044
585000     4420000     -8000    5.21227
585000     4425000     -8000    5.59099
585000     4430000     -8000    5.87158
585000     4435000     -8000    5.83048
585000     4440000     -8000    6.12956
585000     4445000     -8000    6.14947
585000     4450000     -8000    6.25344
585000     4455000     -8000    6.29724
585000     4460000     -8000    6.30804
585000     4465000     -8000    6.30778
585000     4470000     -8000    6.30732
585000     4475000     -8000    6.30726
585000     4480000     -8000    6.30726
585000     4360000     -9000    6.35383
585000     4365000     -9000    6.35382
585000     4370000     -9000    6.35434
585000     4375000     -9000    6.35696
585000     4380000     -9000    6.35319
585000     4385000     -9000    6.28413
585000     4390000     -9000    6.18693
585000     4395000     -9000    6.1037
585000     4400000     -9000    6.1274
585000     4405000     -9000    6.173
585000     4410000     -9000    6.44757
585000     4415000     -9000    6.34377
585000     4420000     -9000    6.07727
585000     4425000     -9000    6.02285
585000     4430000     -9000    6.27174
585000     4435000     -9000    6.22446
585000     4440000     -9000    6.5531
585000     4445000     -9000    6.32958
585000     4450000     -9000    6.27972
585000     4455000     -9000    6.33642
585000     4460000     -9000    6.35389
585000     4465000     -9000    6.35436
585000     4470000     -9000    6.35392
585000     4475000     -9000    6.35385
585000     4480000     -9000    6.35385
585000     4360000     -10000    6.40044
585000     4365000     -10000    6.40041
585000     4370000     -10000    6.40054
585000     4375000     -10000    6.40171
585000     4380000     -10000    6.40288
585000     4385000     -10000    6.38545
585000     4390000     -10000    6.36703
585000     4395000     -10000    6.44206
585000     4400000     -10000    6.49698
585000     4405000     -10000    6.77942
585000     4410000     -10000    6.89659
585000     4415000     -10000    6.39286
585000     4420000     -10000    6.40058
585000     4425000     -10000    6.25322
585000     4430000     -10000    6.38591
585000     4435000     -10000    6.4477
585000     4440000     -10000    6.4245
585000     4445000     -10000    6.30547
585000     4450000     -10000    6.2704
585000     4455000     -10000    6.37768
585000     4460000     -10000    6.40031
585000     4465000     -10000    6.4009
585000     4470000     -10000    6.40049
585000     4475000     -10000    6.40044
585000     4480000     -10000    6.40044
585000     4360000     -11000    6.44703
585000     4365000     -11000    6.44702
585000     4370000     -11000    6.44704
585000     4375000     -11000    6.44752
585000     4380000     -11000    6.4486
585000     4385000     -11000    6.44305
585000     4390000     -11000    6.42457
585000     4395000     -11000    6.45899
585000     4400000     -11000    6.60655
585000     4405000     -11000    6.72671
585000     4410000     -11000    6.57467
585000     4415000     -11000    6.40911
585000     4420000     -11000    6.39371
585000     4425000     -11000    6.44019
585000     4430000     -11000    6.54235
585000     4435000     -11000    6.56325
585000     4440000     -11000    6.43515
585000     4445000     -11000    6.3503
585000     4450000     -11000    6.33858
585000     4455000     -11000    6.43329
585000     4460000     -11000    6.4477
585000     4465000     -11000    6.4474
585000     4470000     -11000    6.44706
585000     4475000     -11000    6.44702
585000     4480000     -11000    6.44703
585000     4360000     -12000    6.49362
585000     4365000     -12000    6.49361
585000     4370000     -12000    6.49362
585000     4375000     -12000    6.49381
585000     4380000     -12000    6.49446
585000     4385000     -12000    6.49285
585000     4390000     -12000    6.48309
585000     4395000     -12000    6.46986
585000     4400000     -12000    6.47606
585000     4405000     -12000    6.50203
585000     4410000     -12000    6.50028
585000     4415000     -12000    6.47009
585000     4420000     -12000    6.49669
585000     4425000     -12000    6.635
585000     4430000     -12000    6.70596
585000     4435000     -12000    6.65106
585000     4440000     -12000    6.56695
585000     4445000     -12000    6.46137
585000     4450000     -12000    6.45145
585000     4455000     -12000    6.49046
585000     4460000     -12000    6.49454
585000     4465000     -12000    6.49382
585000     4470000     -12000    6.49362
585000     4475000     -12000    6.49361
585000     4480000     -12000    6.49362
585000     4360000     -13000    6.54073
585000     4365000     -13000    6.54073
585000     4370000     -13000    6.54073
585000     4375000     -13000    6.54081
585000     4380000     -13000    6.54122
585000     4385000     -13000    6.54127
585000     4390000     -13000    6.53724
585000     4395000     -13000    6.52574
585000     4400000     -13000    6.50952
585000     4405000     -13000    6.51854
585000     4410000     -13000    6.5269
585000     4415000     -13000    6.51849
585000     4420000     -13000    6.56254
585000     4425000     -13000    6.78399
585000     4430000     -13000    6.78006
585000     4435000     -13000    6.66355
585000     4440000     -13000    6.6263
585000     4445000     -13000    6.54497
585000     4450000     -13000    6.53306
585000     4455000     -13000    6.54123
585000     4460000     -13000    6.54126
585000     4465000     -13000    6.54079
585000     4470000     -13000    6.54072
585000     4475000     -13000    6.54073
585000     4480000     -13000    6.54073
585000     4360000     -14000    6.58811
585000     4365000     -14000    6.58811
585000     4370000     -14000    6.58811
585000     4375000     -14000    6.58814
585000     4380000     -14000    6.58843
585000     4385000     -14000    6.58896
585000     4390000     -14000    6.58669
585000     4395000     -14000    6.57986
585000     4400000     -14000    6.56633
585000     4405000     -14000    6.57313
585000     4410000     -14000    6.56331
585000     4415000     -14000    6.55215
585000     4420000     -14000    6.61602
585000     4425000     -14000    6.88326
585000     4430000     -14000    6.59074
585000     4435000     -14000    6.58418
585000     4440000     -14000    6.59598
585000     4445000     -14000    6.58966
585000     4450000     -14000    6.5869
585000     4455000     -14000    6.58848
585000     4460000     -14000    6.58827
585000     4465000     -14000    6.58812
585000     4470000     -14000    6.58811
585000     4475000     -14000    6.58811
585000     4480000     -14000    6.58811
585000     4360000     -15000    6.6355
585000     4365000     -15000    6.6355
585000     4370000     -15000    6.63549
585000     4375000     -15000    6.6355
585000     4380000     -15000    6.63571
585000     4385000     -15000    6.63633
585000     4390000     -15000    6.63473
585000     4395000     -15000    6.62388
585000     4400000     -15000    6.6147
585000     4405000     -15000    6.62214
585000     4410000     -15000    6.62849
585000     4415000     -15000    6.63016
585000     4420000     -15000    6.67417
585000     4425000     -15000    6.91509
585000     4430000     -15000    6.65869
585000     4435000     -15000    6.5998
585000     4440000     -15000    6.63462
585000     4445000     -15000    6.63784
585000     4450000     -15000    6.6346
585000     4455000     -15000    6.63539
585000     4460000     -15000    6.6355
585000     4465000     -15000    6.63549
585000     4470000     -15000    6.63549
585000     4475000     -15000    6.6355
585000     4480000     -15000    6.6355
585000     4360000     -16000    6.68288
585000     4365000     -16000    6.68288
585000     4370000     -16000    6.68287
585000     4375000     -16000    6.68288
585000     4380000     -16000    6.68303
585000     4385000     -16000    6.68358
585000     4390000     -16000    6.68131
585000     4395000     -16000    6.65753
585000     4400000     -16000    6.6347
585000     4405000     -16000    6.65559
585000     4410000     -16000    6.66616
585000     4415000     -16000    6.68513
585000     4420000     -16000    6.72566
585000     4425000     -16000    6.82713
585000     4430000     -16000    6.70754
585000     4435000     -16000    6.62774
585000     4440000     -16000    6.68295
585000     4445000     -16000    6.68594
585000     4450000     -16000    6.68225
585000     4455000     -16000    6.68269
585000     4460000     -16000    6.68286
585000     4465000     -16000    6.68288
585000     4470000     -16000    6.68288
585000     4475000     -16000    6.68288
585000     4480000     -16000    6.68288
585000     4360000     -17000    6.73026
585000     4365000     -17000    6.73026
585000     4370000     -17000    6.73026
585000     4375000     -17000    6.73026
585000     4380000     -17000    6.73036
585000     4385000     -17000    6.73077
585000     4390000     -17000    6.72791
585000     4395000     -17000    6.69437
585000     4400000     -17000    6.63525
585000     4405000     -17000    6.69074
585000     4410000     -17000    6.70473
585000     4415000     -17000    6.73033
585000     4420000     -17000    6.75131
585000     4425000     -17000    6.70271
585000     4430000     -17000    6.71721
585000     4435000     -17000    6.68017
585000     4440000     -17000    6.72617
585000     4445000     -17000    6.73397
585000     4450000     -17000    6.73052
585000     4455000     -17000    6.73024
585000     4460000     -17000    6.73025
585000     4465000     -17000    6.73026
585000     4470000     -17000    6.73026
585000     4475000     -17000    6.73026
585000     4480000     -17000    6.73026
585000     4360000     -18000    6.77764
585000     4365000     -18000    6.77764
585000     4370000     -18000    6.77764
585000     4375000     -18000    6.77763
585000     4380000     -18000    6.77769
585000     4385000     -18000    6.77808
585000     4390000     -18000    6.77696
585000     4395000     -18000    6.75379
585000     4400000     -18000    6.68013
585000     4405000     -18000    6.74239
585000     4410000     -18000    6.7671
585000     4415000     -18000    6.77652
585000     4420000     -18000    6.76423
585000     4425000     -18000    6.66464
585000     4430000     -18000    6.73247
585000     4435000     -18000    6.74552
585000     4440000     -18000    6.7683
585000     4445000     -18000    6.78153
585000     4450000     -18000    6.77857
585000     4455000     -18000    6.77778
585000     4460000     -18000    6.77765
585000     4465000     -18000    6.77764
585000     4470000     -18000    6.77764
585000     4475000     -18000    6.77764
585000     4480000     -18000    6.77764
585000     4360000     -19000    6.8309
585000     4365000     -19000    6.8309
585000     4370000     -19000    6.8309
585000     4375000     -19000    6.83089
585000     4380000     -19000    6.83091
585000     4385000     -19000    6.83124
585000     4390000     -19000    6.83189
585000     4395000     -19000    6.82454
585000     4400000     -19000    6.78132
585000     4405000     -19000    6.81371
585000     4410000     -19000    6.83534
585000     4415000     -19000    6.83338
585000     4420000     -19000    6.80455
585000     4425000     -19000    6.73225
585000     4430000     -19000    6.7751
585000     4435000     -19000    6.81425
585000     4440000     -19000    6.8157
585000     4445000     -19000    6.83245
585000     4450000     -19000    6.83185
585000     4455000     -19000    6.83113
585000     4460000     -19000    6.83092
585000     4465000     -19000    6.8309
585000     4470000     -19000    6.8309
585000     4475000     -19000    6.8309
585000     4480000     -19000    6.8309
585000     4360000     -20000    6.88719
585000     4365000     -20000    6.88719
585000     4370000     -20000    6.88719
585000     4375000     -20000    6.88718
585000     4380000     -20000    6.88718
585000     4385000     -20000    6.88734
585000     4390000     -20000    6.88811
585000     4395000     -20000    6.88735
585000     4400000     -20000    6.87298
585000     4405000     -20000    6.88262
585000     4410000     -20000    6.89204
585000     4415000     -20000    6.88743
585000     4420000     -20000    6.87724
585000     4425000     -20000    6.84454
585000     4430000     -20000    6.85679
585000     4435000     -20000    6.88085
585000     4440000     -20000    6.87057
585000     4445000     -20000    6.88238
585000     4450000     -20000    6.88715
585000     4455000     -20000    6.88733
585000     4460000     -20000    6.88721
585000     4465000     -20000    6.88719
585000     4470000     -20000    6.88719
585000     4475000     -20000    6.88719
585000     4480000     -20000    6.88719
585000     4360000     -21000    6.94347
585000     4365000     -21000    6.94347
585000     4370000     -21000    6.94347
585000     4375000     -21000    6.94347
585000     4380000     -21000    6.94346
585000     4385000     -21000    6.9435
585000     4390000     -21000    6.94384
585000     4395000     -21000    6.94437
585000     4400000     -21000    6.94194
585000     4405000     -21000    6.94347
585000     4410000     -21000    6.94348
585000     4415000     -21000    6.94271
585000     4420000     -21000    6.94281
585000     4425000     -21000    6.93855
585000     4430000     -21000    6.93988
585000     4435000     -21000    6.94332
585000     4440000     -21000    6.93986
585000     4445000     -21000    6.94216
585000     4450000     -21000    6.9436
585000     4455000     -21000    6.94355
585000     4460000     -21000    6.94348
585000     4465000     -21000    6.94347
585000     4470000     -21000    6.94347
585000     4475000     -21000    6.94347
585000     4480000     -21000    6.94347
585000     4360000     -22000    6.99976
585000     4365000     -22000    6.99976
585000     4370000     -22000    6.99976
585000     4375000     -22000    6.99976
585000     4380000     -22000    6.99975
585000     4385000     -22000    6.99975
585000     4390000     -22000    6.99982
585000     4395000     -22000    7.00008
585000     4400000     -22000    6.99994
585000     4405000     -22000    6.99955
585000     4410000     -22000    6.99914
585000     4415000     -22000    6.99943
585000     4420000     -22000    7.00002
585000     4425000     -22000    6.99994
585000     4430000     -22000    6.99991
585000     4435000     -22000    7.00009
585000     4440000     -22000    6.99967
585000     4445000     -22000    6.99982
585000     4450000     -22000    6.99985
585000     4455000     -22000    6.99978
585000     4460000     -22000    6.99976
585000     4465000     -22000    6.99976
585000     4470000     -22000    6.99976
585000     4475000     -22000    6.99976
585000     4480000     -22000    6.99976
585000     4360000     -23000    7.05604
585000     4365000     -23000    7.05604
585000     4370000     -23000    7.05604
585000     4375000     -23000    7.05604
585000     4380000     -23000    7.05604
585000     4385000     -23000    7.05604
585000     4390000     -23000    7.05604
585000     4395000     -23000    7.0561
585000     4400000     -23000    7.05613
585000     4405000     -23000    7.05595
585000     4410000     -23000    7.05588
585000     4415000     -23000    7.056
585000     4420000     -23000    7.05613
585000     4425000     -23000    7.05618
585000     4430000     -23000    7.05613
585000     4435000     -23000    7.05612
585000     4440000     -23000    7.05611
585000     4445000     -23000    7.0561
585000     4450000     -23000    7.05606
585000     4455000     -23000    7.05604
585000     4460000     -23000    7.05604
585000     4465000     -23000    7.05604
585000     4470000     -23000    7.05604
585000     4475000     -23000    7.05604
585000     4480000     -23000    7.05604
585000     4360000     -24000    7.11233
585000     4365000     -24000    7.11233
585000     4370000     -24000    7.11233
585000     4375000     -24000    7.11233
585000     4380000     -24000    7.11233
585000     4385000     -24000    7.11233
585000     4390000     -24000    7.11233
585000     4395000     -24000    7.11233
585000     4400000     -24000    7.11234
585000     4405000     -24000    7.11233
585000     4410000     -24000    7.11234
585000     4415000     -24000    7.11234
585000     4420000     -24000    7.11233
585000     4425000     -24000    7.11234
585000     4430000     -24000    7.11233
585000     4435000     -24000    7.11233
585000     4440000     -24000    7.11234
585000     4445000     -24000    7.11233
585000     4450000     -24000    7.11233
585000     4455000     -24000    7.11233
585000     4460000     -24000    7.11233
585000     4465000     -24000    7.11233
585000     4470000     -24000    7.11233
585000     4475000     -24000    7.11233
585000     4480000     -24000    7.11233
